# re(psi_t) im(psi_t) re(psi_t+dt) im(psi_t+dt)
1.0 -0.0 0.9851037084132392 -0.09884005755380365
0.9937689726899325 -0.04972989712400837 0.9740501944089855 -0.14721328853172677
0.9851037084132392 -0.09884005755380365 0.9606599593522768 -0.1947354144720599
0.9740501944089855 -0.14721328853172677 0.9449898887817676 -0.24129553373598994
0.9606599593522768 -0.1947354144720599 0.9271020289078572 -0.2867862646278291
0.9449898887817676 -0.24129553373598994 0.9070633794099927 -0.33110398010182795
0.9271020289078572 -0.2867862646278291 0.8849456758531132 -0.3741490307023557
0.9070633794099927 -0.331103980101828 0.8608251623730706 -0.41582595529452543
0.8849456758531132 -0.3741490307023557 0.8347823552988415 -0.4560436791774209
0.8608251623730706 -0.4158259552945254 0.8069017983954643 -0.4947156992078315
0.8347823552988415 -0.4560436791774209 0.7772718104258823 -0.5317602555987321
0.8069017983954643 -0.4947156992078315 0.7459842257422116 -0.5671004900935587
0.7772718104258822 -0.5317602555987322 0.7131341286274048 -0.6006645902545263
0.7459842257422116 -0.5671004900935587 0.6788195821167939 -0.6323859196407199
0.7131341286274048 -0.6006645902545263 0.6431413520356111 -0.6622031336893669
0.6788195821167939 -0.6323859196407199 0.6062026269932753 -0.6900602811514627
0.6431413520356111 -0.6622031336893669 0.5681087350780188 -0.7159068909706942
0.6062026269932752 -0.6900602811514627 0.5289668579963185 -0.7396980445322705
0.5681087350780188 -0.7159068909706942 0.48888574340060287 -0.7613944332457532
0.5289668579963185 -0.7396980445322705 0.447975416145867 -0.7809624014631719
0.48888574340060287 -0.7613944332457532 0.4063468892111411 -0.7983739747705377
0.447975416145867 -0.7809624014631719 0.3641118750152809 -0.8136068737272261
0.4063468892111411 -0.7983739747705377 0.3213824978482997 -0.8266445131635127
0.3641118750152809 -0.8136068737272261 0.2782710081294817 -0.8374759871817261
0.3213824978482997 -0.8266445131635127 0.2348894991918522 -0.8460960400409443
0.2782710081294819 -0.8374759871817261 0.19134962727927282 -0.8525050231388297
0.2348894991918524 -0.8460960400409442 0.14776233542753003 -0.8567088383369975
0.19134962727927282 -0.8525050231388297 0.10423758188435407 -0.8587188679081575
0.14776233542753003 -0.8567088383369975 0.0608840737053796 -0.8585518914141158
0.10423758188435407 -0.8587188679081575 0.01780900614372639 -0.8562299898534633
0.06088407370537979 -0.8585518914141158 -0.024882191569823638 -0.8517804374463959
0.01780900614372658 -0.8562299898534633 -0.06708610348106987 -0.8452355814514988
-0.024882191569823638 -0.8517804374463959 -0.10870156664928778 -0.8366327104354694
-0.06708610348106987 -0.8452355814514988 -0.14962990283938515 -0.8260139114415626
-0.10870156664928778 -0.8366327104354694 -0.18977514166737888 -0.8134259165259965
-0.14962990283938496 -0.8260139114415627 -0.22904423472371738 -0.7989199391535934
-0.18977514166737872 -0.8134259165259965 -0.26734726022636757 -0.7825515009645121
-0.22904423472371738 -0.7989199391535934 -0.30459761778382893 -0.7643802494430251
-0.26734726022636757 -0.7825515009645121 -0.3407122128772617 -0.7444697670368614
-0.30459761778382893 -0.7643802494430251 -0.3756116307006277 -0.7228873722916555
-0.3407122128772617 -0.7444697670368614 -0.40922029902806173 -0.69970391357948
-0.3756116307006277 -0.7228873722916555 -0.44146663980855766 -0.6749935560132836
-0.40922029902806173 -0.69970391357948 -0.47228320921933575 -0.6488335621502841
-0.44146663980855727 -0.6749935560132838 -0.5016068259409412 -0.6213040670969632
-0.47228320921933575 -0.6488335621502841 -0.5293786874490469 -0.5924878486362823
-0.5016068259409412 -0.6213040670969632 -0.5555444741500914 -0.5624700930040629
-0.5293786874490469 -0.5924878486362823 -0.5800544412201286 -0.5313381569461627
-0.5555444741500914 -0.5624700930040629 -0.6028634980385528 -0.49918132669114923
-0.5800544412201286 -0.5313381569461627 -0.6239312751406088 -0.4660905744745837
-0.6028634980385528 -0.49918132669114923 -0.6432221786446932 -0.4321583132508737
-0.6239312751406085 -0.46609057447458396 -0.6607054321423678 -0.3974781502268538
-0.6432221786446932 -0.4321583132508737 -0.6763551060706013 -0.3621446398479215
-0.6607054321423678 -0.3974781502268538 -0.6901501346170199 -0.32625303686264584
-0.6763551060706013 -0.3621446398479215 -0.702074320239749 -0.28989905008533706
-0.6901501346170199 -0.32625303686264584 -0.7121163259137298 -0.253178597468162
-0.702074320239749 -0.28989905008533745 -0.7202696552451087 -0.2161875630849968
-0.7121163259137298 -0.253178597468162 -0.7265326206243704 -0.1790215566184328
-0.7202696552451087 -0.2161875630849968 -0.7309082996172194 -0.1417756759291665
-0.7265326206243704 -0.1790215566184328 -0.7334044798197937 -0.10454427327350019
-0.7309082996172194 -0.1417756759291665 -0.7340335924315059 -0.06742072571989675
-0.7334044798197936 -0.10454427327350052 -0.7328126348246347 -0.030497210299486557
-0.7340335924315059 -0.06742072571989675 -0.7297630824146425 0.006135515591773206
-0.7328126348246347 -0.030497210299486557 -0.724910790159056 0.0423883280399388
-0.7297630824146425 0.006135515591773206 -0.7182858840355274 0.0781739442289875
-0.724910790159056 0.0423883280399388 -0.7099226428713805 0.11340712336627505
-0.7182858840355275 0.07817394422898719 -0.6998593709174791 0.14800486047942135
-0.7099226428713805 0.11340712336627505 -0.6881382615785905 0.18188657266875094
-0.6998593709174791 0.14800486047942135 -0.6748052527305366 0.21497427742251451
-0.6881382615785905 0.18188657266875094 -0.6599098740712657 0.247192762625963
-0.6748052527305366 0.21497427742251451 -0.6435050869685559 0.2784697479198708
-0.6599098740712659 0.2471927626259627 -0.6256471172812837 0.30873603708927666
-0.6435050869685559 0.2784697479198708 -0.6063952816441152 0.3379256611889021
-0.6256471172812837 0.30873603708927666 -0.585811807717008 0.3659760121379073
-0.6063952816441152 0.3379256611889021 -0.5639616489110901 0.39282796654324265
-0.585811807717008 0.3659760121379073 -0.5409122941112655 0.4184259995377879
-0.5639616489110904 0.3928279665432424 -0.5167335729232826 0.4427182884466902
-0.5409122941112655 0.4184259995377879 -0.4914974569789976 0.4656568061227087
-0.5167335729232826 0.4427182884466902 -0.4652778578381562 0.48719740381891646
-0.4914974569789976 0.4656568061227087 -0.4381504220281983 0.5072998834946972
-0.4652778578381562 0.48719740381891646 -0.4101923237654103 0.5259280594785507
-0.4381504220281983 0.5072998834946972 -0.38148205590115036 0.5430498094387207
-0.4101923237654103 0.5259280594785507 -0.3520992196359297 0.5586371146400003
-0.38148205590114986 0.5430498094387209 -0.32212431354182425 0.5726660894921998
-0.3520992196359292 0.5586371146400007 -0.2916385224300533 0.585117000422601
-0.32212431354182425 0.5726660894921998 -0.2607235065955996 0.5959742741312272
-0.2916385224300533 0.585117000422601 -0.22946119196452447 0.6052264953138277
-0.2607235065955996 0.5959742741312272 -0.19793356166211218 0.6128663939630988
-0.2294611919645239 0.6052264953138278 -0.16622244951126924 0.6188908223837376
-0.1979335616621116 0.6128663939630989 -0.1344093359606821 0.6233007220814104
-0.16622244951126924 0.6188908223837376 -0.1025751469311545 0.6261010807095673
-0.1344093359606821 0.6233007220814104 -0.07080005605637514 0.6273008792811694
-0.1025751469311545 0.6261010807095673 -0.03916329078108112 0.6269130298747967
-0.07080005605637459 0.6273008792811695 -0.007742942765297619 0.6249543040861902
-0.03916329078108056 0.6269130298747966 0.023384216971945614 0.6214452524970403
-0.007742942765297619 0.6249543040861902 0.05414291775224999 0.616410115452679
0.023384216971945614 0.6214452524970403 0.08445956338074873 0.6098767254592785
0.05414291775225053 0.616410115452679 0.11426240035014432 0.6018764015291037
0.08445956338074925 0.6098767254592783 0.14348167974245926 0.5924438358193357
0.11426240035014432 0.6018764015291037 0.172049812484538 0.5816169729258919
0.14348167974245926 0.5924438358193357 0.19990151763343647 0.5694368822085308
0.172049812484538 0.5816169729258919 0.22697396338858478 0.5559476235372858
0.19990151763343694 0.5694368822085305 0.2532069005488828 0.5411961068629147
0.22697396338858528 0.5559476235372856 0.27854278815467165 0.5252319460255649
0.2532069005488828 0.5411961068629147 0.3029269110767515 0.5081073072261933
0.27854278815467165 0.5252319460255649 0.3263074893371932 0.4898767525944816
0.3029269110767515 0.5081073072261933 0.34863577896962034 0.4705970792949661
0.3263074893371936 0.48987675259448127 0.3698661642497918 0.45032715461993317
0.3486357789696207 0.47059707929496586 0.389956241150678 0.4291277475232377
0.3698661642497918 0.45032715461993317 0.40886689189972475 0.40706135705362445
0.389956241150678 0.4291277475232377 0.42656235053955094 0.3841920381493638
0.40886689189972475 0.40706135705362445 0.44301025941692335 0.36058522525803766
0.4265623505395513 0.3841920381493634 0.4581817165483762 0.3363075542461637
0.4430102594169237 0.36058522525803727 0.4720513138342781 0.3114266830630216
0.4581817165483762 0.3363075542461637 0.4845971661164186 0.28601111162154064
0.4720513138342781 0.3114266830630216 0.49580093109722834 0.2601300013564886
0.4845971661164186 0.28601111162154064 0.5056478201615309 0.23385299491641576
0.49580093109722856 0.26013000135648817 0.5141266001641629 0.20725003644093806
0.505647820161531 0.23385299491641529 0.5212295862688626 0.18039119286898217
0.5141266001641629 0.20725003644093806 0.5269526259454577 0.15334647671657997
0.5212295862688626 0.18039119286898217 0.5312950742535244 0.12618567075476278
0.5269526259454577 0.15334647671657997 0.5342597605613046 0.09897815500903058
0.5312950742535245 0.1261856707547623 0.5358529468687001 0.0717927364918578
0.5342597605613046 0.0989781550090301 0.5360842779225723 0.04469748206873546
0.5358529468687001 0.0717927364918578 0.5349667233313193 0.017759554846386184
0.5360842779225723 0.04469748206873546 0.5325165119037434 -0.008954945540910555
0.5349667233313193 0.017759554846386184 0.5287530584545087 -0.03538113838449382
0.5325165119037434 -0.008954945540911027 0.5236988833350056 -0.06145551274590662
0.5287530584545086 -0.03538113838449428 0.5173795249641363 -0.08711607335984048
0.5236988833350056 -0.06145551274590662 0.5098234456483824 -0.11230248127812417
0.5173795249641363 -0.08711607335984048 0.5010619309945026 -0.13695618895379327
0.5098234456483824 -0.11230248127812417 0.4911289832312723 -0.1610205694812529
0.5010619309945024 -0.1369561889537937 0.4800612087688404 -0.18444103972604292
0.49112898323127213 -0.16102056948125335 0.4678977003354765 -0.20716517709571414
0.4800612087688404 -0.18444103972604292 0.4546799140417216 -0.22914282972177905
0.4678977003354765 -0.20716517709571414 0.44045154173122014 -0.2503262198415241
0.4546799140417216 -0.22914282972177905 0.42525837898577074 -0.27067004018767
0.4404515417312199 -0.25032621984152453 0.40914818915939105 -0.29013154321332874
0.42525837898577046 -0.2706700401876704 0.3921705638224456 -0.3086706229994252
0.40914818915939105 -0.29013154321332874 0.37437678000209834 -0.3262498897116547
0.3921705638224456 -0.3086706229994252 0.35581965460957055 -0.34283473649407664
0.37437678000209834 -0.3262498897116547 0.3365533964478526 -0.3583933987065763
0.35581965460957027 -0.342834736494077 0.316633456195688 -0.3728970054335752
0.33655339644785226 -0.35839339870657655 0.2961163747647892 -0.38631962321150687
0.316633456195688 -0.3728970054335752 0.2750596304273777 -0.3986382919426482
0.2961163747647892 -0.38631962321150687 0.2535214851102894 -0.40983305298283607
0.2750596304273777 -0.3986382919426482 0.23156083025002364 -0.4198869694103921
0.253521485110289 -0.4098330529828363 0.20923703260030305 -0.4287861385031382
0.23156083025002325 -0.41988696941039233 0.18660978037993123 -0.4365196964696925
0.20923703260030305 -0.4287861385031382 0.1637389301440171 -0.44307981550023523
0.18660978037993123 -0.4365196964696925 0.14068435475601726 -0.44846169322057067
0.1637389301440171 -0.44307981550023523 0.11750579283151577 -0.4526635346515684
0.14068435475601684 -0.4484616932205708 0.09426270001727864 -0.45568652679386906
0.11750579283151537 -0.45266353465156844 0.07101410246089455 -0.4575348059750772
0.09426270001727864 -0.45568652679386906 0.04781845281726715 -0.45821541811347405
0.07101410246089455 -0.4575348059750772 0.024733489128420112 -0.4577382720685469
0.04781845281726715 -0.45821541811347405 0.0018160969024975573 -0.4561160862642987
0.0247334891284197 -0.45773827206854684 -0.02087782529342886 -0.4533643287863532
0.001816096902497152 -0.45611608626429867 -0.043293496424091055 -0.44950115116825967
-0.02087782529342886 -0.4533643287863532 -0.06537737947024504 -0.44454731609611475
-0.043293496424091055 -0.44950115116825967 -0.0870773035295194 -0.43852611927360996
-0.06537737947024504 -0.44454731609611475 -0.1083425812708067 -0.43146330570187924
-0.0870773035295194 -0.43852611927360996 -0.12912412149340444 -0.42338698064001196
-0.1083425812708067 -0.43146330570187924 -0.14937453655686242 -0.4143275155228222
-0.12912412149340444 -0.42338698064001196 -0.1690482444627441 -0.40431744912236767
-0.14937453655686314 -0.4143275155228219 -0.18810156538507491 -0.39339138424882275
-0.1690482444627441 -0.40431744912236767 -0.20649281246225884 -0.3815858802945586
-0.18810156538507491 -0.39339138424882275 -0.22418237667949664 -0.3689393419327115
-0.20649281246225884 -0.3815858802945586 -0.24113280568728357 -0.3554919042880836
-0.22418237667949664 -0.3689393419327115 -0.25730887641835737 -0.34128531490390435
-0.24113280568728415 -0.35549190428808314 -0.2726776613823779 -0.3263628128328338
-0.25730887641835737 -0.34128531490390435 -0.28720858853473746 -0.31076900518452144
-0.2726776613823779 -0.3263628128328338 -0.3008734946330484 -0.2945497414651297
-0.28720858853473746 -0.31076900518452144 -0.3136466720120783 -0.27775198604644513
-0.3008734946330484 -0.2945497414651297 -0.32550490872513815 -0.2604236891035157
-0.3136466720120788 -0.2777519860464445 -0.3364275220170835 -0.24261365636026205
-0.32550490872513815 -0.2604236891035157 -0.3463963851112118 -0.22437141798209168
-0.3364275220170835 -0.24261365636026205 -0.3553959473092925 -0.20574709695333743
-0.3463963851112118 -0.22437141798209168 -0.36341324742077363 -0.18679127727527386
-0.3553959473092925 -0.20574709695333743 -0.3704379205538161 -0.1675548723175521
-0.36341324742077397 -0.1867912772752732 -0.37646219831713884 -0.14808899365223338
-0.3704379205538161 -0.1675548723175521 -0.3814809024977401 -0.12844482069507696
-0.37646219831713884 -0.14808899365223338 -0.3854914322952854 -0.10867347147350244
-0.3814809024977401 -0.12844482069507696 -0.3884937452093425 -0.08882587483464043
-0.3854914322952854 -0.10867347147350244 -0.3904903316906293 -0.06895264440012354
-0.3884937452093426 -0.08882587483463973 -0.3914861836819941 -0.049103954566869806
-0.3904903316906293 -0.06895264440012354 -0.39148875718894993 -0.029329418844955525
-0.3914861836819941 -0.049103954566869806 -0.3905079290331877 -0.009677970814931549
-0.39148875718894993 -0.029329418844955525 -0.38855594795557974 0.009802252022451899
-0.3905079290331877 -0.009677970814931549 -0.3856473802477191 0.029064021241152635
-0.38855594795557963 0.009802252022452586 -0.38179905010300696 0.04806112707692131
-0.3856473802477191 0.029064021241152635 -0.3770299748896583 0.06674848436521866
-0.38179905010300696 0.04806112707692131 -0.37136129555874076 0.08508223460016376
-0.377029974889658 0.06674848436521931 -0.3648162024104651 0.10301984389674346
-0.37136129555874076 0.08508223460016376 -0.35741985645137414 0.12052019665098743
-0.3648162024104651 0.10301984389674346 -0.3491993065838462 0.13754368470564535
-0.35741985645137414 0.12052019665098743 -0.340183402877397 0.1540522918421065
-0.3491993065838462 0.13754368470564535 -0.33040270617861034 0.1700096734328481
-0.3401834028773966 0.15405229184210706 -0.31988939432318925 0.1853812311024688
-0.33040270617861034 0.1700096734328481 -0.30867716521951294 0.20013418225944862
-0.31988939432318925 0.1853812311024688 -0.2968011370782758 0.21423762437500904
-0.30867716521951294 0.20013418225944862 -0.2842977460672211 0.22766259389987545
-0.2968011370782758 0.21423762437500904 -0.27120464167365965 0.240382119724315
-0.2842977460672206 0.22766259389987586 -0.2575605800604325 0.25237127110144564
-0.27120464167365965 0.240382119724315 -0.2434053157031493 0.2636071999685411
-0.2575605800604325 0.25237127110144564 -0.22877949159800373 0.2740691776157613
-0.2434053157031493 0.2636071999685411 -0.21372452833018013 0.2837386256664411
-0.22877949159800373 0.2740691776157613 -0.19828251229282362 0.2925991413477297
-0.21372452833017958 0.2837386256664415 -0.18249608334582218 0.3006365170449018
-0.19828251229282362 0.2925991413477297 -0.16640832220215118 0.3078387541471134
-0.18249608334582218 0.3006365170449018 -0.15006263782736795 0.31419607120661747
-0.16640832220215118 0.3078387541471134 -0.13350265513497248 0.31970090644752525
-0.15006263782736795 0.31419607120661747 -0.11677210325677205 0.3243479146740416
-0.1335026551349719 0.31970090644752547 -0.09991470466319811 0.3281339586416576
-0.11677210325677205 0.3243479146740416 -0.0829740654036215 0.33105809496807737
-0.09991470466319811 0.3281339586416576 -0.06599356673123126 0.3331215546735951
-0.0829740654036215 0.33105809496807737 -0.04901625837093295 0.3343277184532423
-0.06599356673123126 0.3331215546735951 -0.03208475368200192 0.33468208679523787
-0.04901625837093234 0.33432771845324233 -0.015241126959996716 0.3341922450720814
-0.03208475368200192 0.33468208679523787 0.0014731868854028752 0.3328678237419991
-0.015241126959996716 0.3341922450720814 0.018017490048269493 0.33072045380936427
0.0014731868854028752 0.3328678237419991 0.03435191672046456 0.327763717703147
0.018017490048269493 0.33072045380936427 0.05043752495158643 0.32401309574236814
0.03435191672046514 0.32776371770314694 0.06623638527426054 0.31948590836694585
0.05043752495158643 0.32401309574236814 0.08171166590435472 0.31420125432117463
0.06623638527426054 0.31948590836694585 0.09682771433618018 0.30817994498538687
0.08171166590435472 0.31420125432117463 0.11155013516358554 0.3014444350590768
0.09682771433618018 0.30817994498538687 0.1258458639690324 0.29401874980590137
0.11155013516358606 0.3014444350590766 0.13968323713415956 0.2859284090775268
0.1258458639690324 0.29401874980590137 0.15303205743707446 0.2772003483392105
0.13968323713415956 0.2859284090775268 0.16586365531351663 0.26786283692532753
0.15303205743707446 0.2772003483392105 0.17815094567115178 0.25794539375774067
0.16586365531351663 0.26786283692532753 0.1898684801585449 0.24747870076395867
0.1781509456711522 0.2579453937577403 0.20099249480273107 0.23649451423546197
0.1898684801585449 0.24747870076395867 0.21150095294181825 0.2250255743693423
0.20099249480273107 0.23649451423546197 0.22137358339159088 0.21310551323855673
0.21150095294181825 0.2250255743693423 0.23059191379766256 0.2007687614376047
0.22137358339159088 0.21310551323855673 0.23913929913731535 0.18805045365129236
0.23059191379766286 0.20076876143760425 0.24700094534768235 0.17498633339451422
0.23913929913731535 0.18805045365129236 0.25416392806942484 0.1616126571705716
0.24700094534768235 0.17498633339451422 0.2606172065074205 0.14796609829456267
0.25416392806942484 0.1616126571705716 0.2663516324222286 0.13408365062676494
0.2606172065074205 0.14796609829456267 0.27135995427820514 0.12000253245870666
0.26635163242222876 0.13408365062676442 0.27563681658603095 0.10576009079184823
0.27135995427820514 0.12000253245870666 0.2791787544891276 0.0913937062453968
0.27563681658603095 0.10576009079184823 0.2819841836548807 0.07694069882586013
0.2791787544891276 0.0913937062453968 0.2840533855427793 0.062438234786466124
0.2819841836548807 0.07694069882586013 0.2853884881324807 0.04792323479955034
0.2840533855427793 0.06243823478646561 0.2859934422053797 0.033432283659522805
0.2853884881324807 0.04792323479955034 0.2858739932835065 0.019001541727988132
0.2859934422053797 0.033432283659522805 0.28503764933944925 0.004666658326129209
0.2858739932835065 0.019001541727988132 0.283493644400489 -0.009537312727467339
0.28503764933944925 0.004666658326129209 0.28125289817922244 -0.023575995242744563
0.2834936444004889 -0.00953731272746784 0.27832797187161423 -0.03741577026480712
0.28125289817922244 -0.023575995242744563 0.27473302027164215 -0.05102385298636888
0.27832797187161423 -0.03741577026480712 0.2704837403594695 -0.064368366799623
0.27473302027164215 -0.05102385298636888 0.26559731652737484 -0.07741841432998323
0.2704837403594695 -0.064368366799623 0.2600923626144781 -0.0901441453033102
0.26559731652737467 -0.0774184143299837 0.2539888609276219 -0.10251682110764103
0.2600923626144781 -0.0901441453033102 0.24730809843156573 -0.11450887592015245
0.2539888609276219 -0.10251682110764103 0.24007260029694263 -0.1260939742799849
0.24730809843156573 -0.11450887592015245 0.23230606099919257 -0.13724706499767123
0.24007260029694263 -0.1260939742799849 0.22403327316590596 -0.1479444313022177
0.2323060609991923 -0.13724706499767161 0.21528005437371603 -0.1581637371372967
0.22403327316590596 -0.1479444313022177 0.2060731720990143 -0.16788406952858748
0.21528005437371603 -0.1581637371372967 0.19644026702937648 -0.1770859769549318
0.2060731720990143 -0.16788406952858748 0.1864097749446464 -0.18575150366667903
0.19644026702937648 -0.1770859769549318 0.17601084737812878 -0.19386421990535277
0.18640977494464603 -0.1857515036666793 0.165273271269328 -0.20140924798950152
0.17601084737812878 -0.19386421990535277 0.15422738782008308 -0.20837328424235063
0.165273271269328 -0.20140924798950152 0.14290401076585174 -0.2147446167475454
0.15422738782008308 -0.20837328424235063 0.1313343442732617 -0.22051313892989532
0.14290401076585174 -0.2147446167475454 0.11954990067386916 -0.22567035896855286
0.1313343442732613 -0.22051313892989552 0.10758241824241008 -0.2302094050604441
0.11954990067386916 -0.22567035896855286 0.09546377922562371 -0.23412502656202505
0.10758241824241008 -0.2302094050604441 0.08322592832506116 -0.23741359104750612
0.09546377922562371 -0.23412502656202505 0.07090079183412838 -0.24007307733156324
0.08322592832506116 -0.23741359104750612 0.05852019762596159 -0.24210306451422026
0.07090079183412795 -0.24007307733156336 0.04611579618466416 -0.2435047171149968
0.05852019762596159 -0.24210306451422026 0.03371898286787271 -0.24428076637257803
0.04611579618466416 -0.2435047171149968 0.02136082158367289 -0.24443548779513175
0.03371898286787271 -0.24428076637257803 0.009071970059511101 -0.24397467505497097
0.02136082158367289 -0.24443548779513175 -0.0031173931250330794 -0.24290561032951016
0.009071970059510668 -0.243974675054971 -0.015177639575865959 -0.24123703119837533
-0.0031173931250330794 -0.24290561032951016 -0.027079760033162523 -0.23897909421408559
-0.015177639575865959 -0.24123703119837533 -0.038795431078901155 -0.23614333527091033
-0.027079760033162523 -0.23897909421408559 -0.05029707945788502 -0.2327426269033116
-0.038795431078901155 -0.23614333527091033 -0.0615579438744396 -0.22879113265178141
-0.05029707945788542 -0.23274262690331146 -0.07255213413466495 -0.22430425863988543
-0.0615579438744396 -0.22879113265178141 -0.08325468751210642 -0.21929860251189182
-0.07255213413466495 -0.22430425863988543 -0.09364162222288268 -0.213791899885512
-0.08325468751210642 -0.21929860251189182 -0.10368998790470545 -0.20780296847898505
-0.09364162222288268 -0.213791899885512 -0.11337791300281427 -0.2013516500759886
-0.10368998790470581 -0.20780296847898483 -0.12268464897456363 -0.1944587504956731
-0.11337791300281427 -0.2013516500759886 -0.1315906112332899 -0.18714597773845298
-0.12268464897456363 -0.1944587504956731 -0.14007741676105212 -0.17943587848107836
-0.1315906112332899 -0.18714597773845298 -0.14812791832891023 -0.171351773096933
-0.14007741676105212 -0.17943587848107836 -0.1557262352725463 -0.16291768937944714
-0.1481279183289105 -0.17135177309693272 -0.16285778078019025 -0.15415829514801777
-0.1557262352725463 -0.16291768937944714 -0.16950928565901519 -0.145098829916834
-0.16285778078019025 -0.15415829514801777 -0.17566881855534205 -0.13576503580757626
