# re(eps_norm) im(eps_norm) re(|eps|^2) im(|eps|^2)
4.248597272454774 2.3460938236070232 23.554735012677163 0.0
3.5877383173595936 2.5382459858171744 19.314558918367247 0.0
3.066699021498324 2.65711472455277 16.464901547893923 0.0
2.6341956277387766 2.7344259281028305 14.416071761479113 0.0
2.2614977888995376 2.7868870015788527 12.881111408766666 0.0
1.9305249336560053 2.823428086047771 11.698672676550903 0.0
1.6290482690107408 2.8490308871859455 10.770775258906427 0.0
1.348230333703772 2.8665571471326112 10.03487491049604 0.0
1.0812192306254018 2.8776289299640885 9.44978328324045 0.0
0.8222589164606748 2.8830489310906113 8.9880808647618 0.0
0.5660399895695974 2.882967195016577 8.6319011173337 0.0
0.3071169833392732 2.8768609268382717 8.370649633824176 0.0
0.03923580772074719 2.8632929945846817 8.199986221445213 0.0
-0.24564312246276965 2.8392628473247807 8.12175405981208 0.0
-0.5590151872626064 2.7985687131690895 8.144484821919141 0.0
-0.9189297446801699 2.727251601205238 8.282333171934496 0.0
-1.3549292599294969 2.5885612094391526 8.536482434426182 0.0
-1.8970715002417735 2.264303834382283 8.725952131427883 0.0
-2.3075602584206294 1.4711276743037345 7.489050980344597 0.0
-2.0212199870826635 0.702494066908878 4.578828150224617 0.0
-1.6341548702181528 0.39185340782173156 2.824011233079212 0.0
-1.3550937804819008 0.2557944426486534 1.9017099507906652 0.0
-1.1532119346506051 0.18311081726248396 1.3634273376191264 0.0
-1.0007400001050613 0.13883896016170444 1.0207568046690614 0.0
-0.8813014424682993 0.10945094914136332 0.7886717427646505 0.0
-0.7850602692641401 0.0887441615175226 0.6241951525805323 0.0
-0.7057888190606261 0.07350503345364867 0.5035408470540151 0.0
-0.6393445562531715 0.061912248865993745 0.41259458817020955 0.0
-0.5828553110856397 0.052860762242514646 0.3425145738455975 0.0
-0.5342603477520468 0.045643412533811226 0.28751744028786963 0.0
-0.49203853179820245 0.03978790811129618 0.24368499440600364 0.0
-0.4550399980349166 0.03496759418337771 0.20828413245459032 0.0
-0.42237782722501555 0.030949866301337375 0.17936092315539576 0.0
-0.3933559927476181 0.02756496188761397 0.1554887641543298 0.0
-0.36742004142930773 0.024686342055599397 0.13560690232800027 0.0
-0.34412248465805073 0.02221794836457894 0.11891392167676146 0.0
-0.3230979770810135 0.020085687386575245 0.10479573763163437 0.0
-0.30404516961314004 0.018231597957652935 0.0927758563291726 0.0
-0.28671321401714167 0.016609768053881042 0.082480351486843 0.0
-0.2708915728949745 0.01518342075956257 0.07361278053147521 0.0
-0.25640221972534527 0.013922798446014779 0.06593594259665259 0.0
-0.24309359435625805 0.01280360255859796 0.05925842785552347 0.0
-0.23083586625612804 0.011805826923083712 0.05342457469955484 0.0
-0.21951718463034853 0.010912874185868122 0.048306885171031114 0.0
-0.20904068205156492 0.01011087889932978 0.04380023662470037 0.0
-0.19932205965497135 0.009388183408227896 0.03981742145280648 0.0
-0.19028762565031782 0.008734928082469392 0.0362856794442414 0.0
-0.18187269042265472 0.008142728066056785 0.03314397954193255 0.0
-0.17402024451120016 0.00760441615369335 0.030340872644776442 0.0
-0.16667986275688088 0.0071138366888250475 0.027832783321087917 0.0
-0.15980679060024341 0.006665679172975942 0.025582641600787093 0.0
-0.15336117807898483 0.006255343035666724 0.023558780258267964 0.0
-0.14730743435362886 0.005878827041569636 0.021734040823233367 0.0
-0.14161368117590642 0.005532638315941397 0.020085044782926293 0.0
-0.1362512880356279 0.005213717096115364 0.01859159633732596 0.0
-0.1311944750899439 0.004919374168106621 0.01723619053633174 0.0
-0.1264199726227942 0.004647238595814881 0.016003606304514466 0.0
-0.1219067278716524 0.004395213848046004 0.014880568205143167 0.0
-0.11763565172016517 0.0041614408134142905 0.01385546414527155 0.0
-0.11358939908445323 0.003944266492783695 0.01291810882253328 0.0
-0.10975217789015955 0.0037422173936530498 0.012059544742654587 0.0
-0.10610958240221918 0.00355397683595575 0.011271874228923853 0.0
-0.10264844737241599 0.0033783655254928957 0.010548117101591493 0.0
-0.09935672004411913 0.003214324868228055 0.009882089702283974 0.0
-0.09622334752489847 0.0030609025924594096 0.00926830173357791 0.0
-0.09323817742617503 0.0029172403214361414 0.008701868020847908 0.0
-0.0903918699905748 0.00278256280013752 0.008178432816129688 0.0
-0.08767582019482287 0.002656168529654906 0.007694104678092838 0.0
-0.0850820885388702 0.0025374216032215536 0.007245400298528644 0.0
-0.08260333941852264 0.0024257445712324048 0.00682919591981652 0.0
-0.08023278613558579 0.0023206121900098474 0.00644268521201507 0.0
-0.07796414173167085 0.002221545931727744 0.006083342662282836 0.0
-0.07579157494354367 0.0021281091516989936 0.005748891680984343 0.0
-0.07370967067268551 0.00203990282487516 0.005437276754210688 0.0
-0.0717133944423792 0.0019565617764723394 0.0051466390764334175 0.0
-0.06979806038444517 0.0018777513425853793 0.004875295183535235 0.0
-0.0679593023566267 0.0018031644058551337 0.004621718178673951 0.0
-0.0661930478421333 0.0017325187590118275 0.004384521203881275 0.0
-0.06449549432628934 0.001665554755677794 0.004162442861036582 0.0
-0.06286308788269458 0.0016020332133751967 0.00395433432856414 0.0
-0.06129250373367166 0.0015417335384135139 0.0037591479562456235 0.0
-0.05978062857782139 0.0014844520463628357 0.003575927151037386 0.0
-0.05832454450185344 0.001430000455264035 0.0034037973926507375 0.0
-0.05692151431504169 0.0013782045316781217 0.003241958239648634 0.0
-0.05556896816312899 0.0013289028722112731 0.0030896762055586152 0.0
-0.05426449129463933 0.0012819458053331212 0.0029462784005137993 0.0
-0.05300581286668301 0.0012371944001871712 0.0028111468476416726 0.0
-0.05179079568973283 0.0011945195707184727 0.002683713395180478 0.0
-0.05061742682173079 0.0011538012648523222 0.002563455155412046 0.0
-0.049483808931474575 0.0011149277296804776 0.0024498904102090934 0.0
-0.04838815235967728 0.0010777948446746794 0.002342574930510549 0.0
-0.04732876781356198 0.0010423055158738006 0.002241098663538482 0.0
-0.04630405963745418 0.001008369124799717 0.0021450827472007626 0.0
-0.04531251960768925 0.0009759010265643194 0.0020541768160108717 0.0
-0.04435272120534312 0.0009448220922496727 0.0019680565671048966 0.0
-0.043423314324913906 0.0009150582911871177 0.0018864215586365436 0.0
-0.04252302038118944 0.0008865403092390047 0.0018089932160589583 0.0
-0.04165062778020134 0.0008592031996075805 0.0017355130246230952 0.0
-0.0408049877234351 0.000832986063066552 0.0016657408888909521 0.0
-0.039985010317391004 0.0008078317548385808 0.0015994536422259905 0.0
-0.03918966096320691 0.0007836866156317466 0.001536443691122624 0.0
-0.038417957003399866 0.0007605002246047562 0.0014765177809067046 0.0
-0.037668964604887396 0.0007382251722583726 0.0014194958708092153 0.0
-0.03694179585934397 0.000716816851452784 0.00136521010771197 0.0
-0.03623560608364568 0.0006962332649305449 0.0013135038890083354 0.0
-0.03554959130469172 0.0006764348478849167 0.0012642310060340465 0.0
-0.03488298591427154 0.0006573843042563149 0.0012172548604187491 0.0
-0.034235060480895585 0.0006390464555671453 0.0011724477465029515 0.0
-0.03360511970663302 0.000621388101219333 0.0011296901936694718 0.0
-0.032992500518021245 0.0006043778892809507 0.0010888703630646838 0.0
-0.03239657028103554 0.000587986196879797 0.0010498834937417965 0.0
-0.031816725130943885 0.0005721850194038539 0.0010126313937544663 0.0
-0.031252388408632696 0.0005569478677822457 0.0009770219721714666 0.0
-0.030703009195678598 0.0005422496731865937 0.0009429688083779956 0.0
-0.03016806094107121 0.0005280666985523151 0.0009103907553823063 0.0
-0.02964704017305916 0.0005143764563731539 0.0008792115741618547 0.0
-0.029139465290117288 0.0005011576322707159 0.0008493595963663333 0.0
-0.028644875425501638 0.0004883900138845532 0.0008207674129481698 0.0
-0.02816282938029764 0.00047605442466790154 0.0007933715865190018 0.0
-0.027692904620257256 0.0004641326622099669 0.0007671123854347958 0.0
-0.027234696332086233 0.0004526074407380674 0.0007419335377963627 0.0
-0.02678781653517097 0.00044146233748230734 0.0007177820037173946 0.0
-0.026351893245039924 0.00043068174261211853 0.0006946077643614001 0.0
-0.02592656968512744 0.00042025081247819334 0.0006723636263831577 0.0
-0.025511503543669555 0.0004101554259153337 0.000651005040532072 0.0
-0.025106366272788092 0.0004003821433817429 0.0006304899332841305 0.0
-0.024710842427038315 0.00039091816872849735 0.0006107785504685588 0.0
-0.024324629038890187 0.00038175131340953205 0.0005918333119449096 0.0
-0.023947435028798616 0.00037286996295760337 0.0005736186764678069 0.0
-0.023578980647678816 0.0003642630455655065 0.0005561010159499767 0.0
-0.02321899694976428 0.00035592000262442983 0.0005392484984014311 0.0
-0.02286722529396017 0.00034783076108286793 0.0005230309788830873 0.0
-0.02252341687194123 0.00033998570750005307 0.000507419897868551 0.0
-0.022187332261359247 0.00033237566367752 0.0004923881864577579 0.0
-0.021858741002642387 0.0003249918637612706 0.00047791017793211057 0.0
-0.021537421197964732 0.00031782593271510116 0.0004639615251820468 0.0
-0.021223159131068075 0.0003108698660731047 0.00045051912357627056 0.0
-0.02091574890669849 0.00030411601088618285 0.00043756103887613635 0.0
-0.02061499210850818 0.0002975570477836763 0.0004250664398305403 0.0
-0.020320697474345034 0.00029118597407699594 0.0004130155351153518 0.0
-0.020032680587924123 0.00028499608783743343 0.0004013895143078746 0.0
-0.019750763585940658 0.00027898097288522167 0.00039017049261095145 0.0
-0.019474774879743594 0.00027313448463140984 0.000379341459063387 0.0
-0.019204548890747283 0.00026745073671826606 0.00036888622799367387 0.0
-0.018939925798807176 0.0002619240884077435 0.0003587893934924099 0.0
-0.018680751302838812 0.00025654913267107683 0.00034903628669598824 0.0
-0.018426876392999537 0.0002513206849358305 0.00033961293568956027 0.0
-0.018178157133800197 0.0002462337724497381 0.0003305060278518258 0.0
-0.017934454457546378 0.00024128362422344576 0.00032170287447712357 0.0
-0.0176956339675526 0.00023646566151685756 0.00031319137752267793 0.0
-0.017461565750600466 0.0002317754888361566 0.00030495999833976843 0.0
-0.017232124198147777 0.00022720888541078444 0.00029699772825799977 0.0
-0.017007187835823778 0.00022276179712170822 0.00028929406090124916 0.0
-0.016786639160772356 0.00021843032885419665 0.0002818389661225394 0.0
-0.016570364486433915 0.00021421073725008823 0.0002746228654532235 0.0
-0.016358253794375627 0.00021009942383616394 0.0002676366089691009 0.0
-0.016150200592809333 0.000206092928506754 0.0002608714534831594 0.0
-0.015946101781450537 0.00020218792334011378 0.0002543190419807246 0.0
-0.01574585752239623 0.00019838120672941443 0.00024797138421878536 0.0
-0.015549371116716008 0.00019466969781040927 0.00024182083841660764 0.0
-0.015356548886469616 0.00019105043116896962 0.00023586009396978105 0.0
-0.01516730006187726 0.0001875205518127365 0.0002300821551243741 0.0
-0.01498153667338875 0.00018407731039211803 0.00022448032555229323 0.0
-0.01479917344840735 0.00018071805865677436 0.00021904819377276976 0.0
-0.014620127712442052 0.00017744024513458595 0.00021377961936870947 0.0
-0.014444319294468932 0.00017424141102089603 0.00020866871994988203 0.0
-0.014271670436300917 0.00017111918626655715 0.00020370985881829415 0.0
-0.014102105705769993 0.0001680712858540094 0.00019889763329383923 0.0
-0.013935551913541061 0.00016509550625125742 0.0001942268636611823 0.0
-0.013771938033383379 0.00016218972203422373 0.00018969258270128519 0.0
-0.0136111951257363 0.00015935188266851612 0.0001852900257733776 0.0
-0.013453256264414468 0.00015658000944217658 0.00018101462141536403 0.0
-0.013298056466305622 0.00015387219254147367 0.00017686198243269027 0.0
-0.013145532623921615 0.00015122658826225934 0.00017282789744758496 0.0
-0.012995623440670992 0.0001486414163498488 0.00016890832288237183 0.0
-0.01284826936872817 0.00014611495746078113 0.00016509937535219235 0.0
-0.012703412549380387 0.00014364555074020339 0.00016139732444400256 0.0
-0.01256099675574025 0.00014123159150897487 0.00015779858586015722 0.0
-0.012420967337716473 0.00013887152905491898 0.0001542997149062015 0.0
-0.012283271169142062 0.0001365638645229695 0.00015089740030377002 0.0
-0.01214785659696355 0.00013430714889924505 0.0001475884583106363 0.0
-0.012014673392398874 0.00013209998108436555 0.00014436982713101994 0.0
-0.011883672703978755 0.00012994100605158378 0.00014123856160034345 0.0
-0.011754807012387356 0.00012782891308554313 0.0001381918281294916 0.0
-0.011628030087024161 0.00012576243409770943 0.0001352268998945693 0.0
-0.011503296944212685 0.00012374034201473213 0.00013234115225897484 0.0
-0.01138056380698459 0.00012176144923619646 0.0001295320584153677 0.0
-0.011259788066371821 0.0001198246061584182 0.00012679718523585029 0.0
-0.011140928244142183 0.00011792869976110877 0.00012413418931935238 0.0
-0.011023943956916502 0.00011607265225391137 0.00012154081322583713 0.0
-0.010908795881610976 0.00011425541977996305 0.00011901488188760169 0.0
-0.010795445722145924 0.00011247599117378966 0.00011655429918838926 0.0
-0.010683856177371092 0.0001107333867709818 0.00011415704470169621 0.0
-0.010573990910155333 0.00010902665726723095 0.00011182117058004247 0.0
-0.01046581451759201 0.00010735488262443068 0.00010954479858746298 0.0
-0.01035929250227642 0.00010571717102166809 0.00010732611726796926 0.0
-0.010254391244608205 0.00010411265784903784 0.0001051633792430218 0.0
-0.010151077976080183 0.00010254050474232127 0.00010305489863157297 0.0
-0.010049320753511613 0.00010099989865666835 0.00010099904858648787 0.0
-0.009949088434188543 9.9490050977516e-05 9.899425894154774e-05 0.0
