# Combined X-ray scattering factors (5 elements)
# re(z) im(z) re(|z|^2) im(|z|^2)
2.499913198965306 0.020832609991377548 6.250000000000002 0.0
2.499913391042035 0.02080954801799836 6.25 0.0
2.499913677328157 0.02077512713827443 6.249999999999999 0.0
2.4999140567650158 0.020729418435674836 6.25 0.0
2.4999145281317534 0.0206724946678881 6.250000000000001 0.0
2.499915090051096 0.020604429980499328 6.250000000000001 0.0
2.4999157409951103 0.0205252996292056 6.25 0.0
2.49991647929089 0.020435179711501914 6.249999999999999 0.0
2.499917303126144 0.020334146908709966 6.249999999999998 0.0
2.499918210554661 0.020222278239162658 6.25 0.0
2.499919199501612 0.020099650823297545 6.249999999999998 0.0
2.4999202677686867 0.019966341661354248 6.25 0.0
2.4999214130390195 0.019822427424313567 6.25 0.0
2.499922632881906 0.019667984258660343 6.250000000000001 0.0
2.4999239247572818 0.01950308760549816 6.249999999999999 0.0
2.499925286019956 0.019327812034492214 6.249999999999999 0.0
2.4999267139235863 0.019142231093066737 6.250000000000001 0.0
2.4999282056243883 0.018946417171236067 6.250000000000001 0.0
2.4999297581845763 0.018740441382403435 6.250000000000002 0.0
2.4999313685755253 0.018524373460418565 6.25 0.0
2.4999330336806644 0.01829828167314547 6.25 0.0
2.4999347502980926 0.018062232752753427 6.250000000000001 0.0
2.4999365151429283 0.017816291842908897 6.25 0.0
2.4999383248494005 0.017560522463012856 6.250000000000001 0.0
2.499940175972682 0.017294986489596192 6.249999999999999 0.0
2.499942064990487 0.017019744154957234 6.250000000000001 0.0
2.4999439883044356 0.01673485406309698 6.250000000000002 0.0
2.49994594224121 0.01644037322298192 6.250000000000001 0.0
2.499947923053512 0.016136357099139142 6.249999999999999 0.0
2.4999499269208494 0.015822859679564507 6.25 0.0
2.4999519499501597 0.015499933560901406 6.249999999999998 0.0
2.4999539881763106 0.015167630050824936 6.25 0.0
2.499956037562486 0.014825999287543502 6.250000000000001 0.0
2.4999580940004966 0.014475090376307278 6.249999999999998 0.0
2.4999601533110374 0.014114951542789527 6.250000000000001 0.0
2.4999622112439157 0.013745630303182918 6.250000000000001 0.0
2.4999642634782977 0.01336717365082789 6.249999999999999 0.0
2.4999663056229884 0.012979628259163578 6.249999999999999 0.0
2.4999683332167875 0.012583040700763878 6.25 0.0
2.499970341728957 0.012177457682190968 6.249999999999999 0.0
2.499972326559835 0.011762926294366555 6.25 0.0
2.499974283041631 0.011339494278125974 6.25 0.0
2.4999762064394475 0.010907210304583201 6.249999999999999 0.0
2.4999780919525607 0.010466124269893805 6.249999999999999 0.0
2.499979934716004 0.010016287603959763 6.25 0.0
2.4999817298024927 0.00955775359257267 6.25 0.0
2.4999834722247374 0.00909057771244167 6.250000000000001 0.0
2.4999851569381764 0.008614817978498496 6.250000000000001 0.0
2.499986778844178 0.008130535302814202 6.249999999999999 0.0
2.499988332793752 0.007637793864401336 6.25 0.0
2.4999898135918057 0.007136661489110269 6.250000000000002 0.0
2.499991216001989 0.006627210038760225 6.25 0.0
2.4999925347521708 0.006109515808574169 6.249999999999999 0.0
2.4999937645405765 0.005583659931911861 6.249999999999999 0.0
2.4999949000426254 0.005049728791217952 6.250000000000001 0.0
2.4999959359185024 0.004507814434022088 6.250000000000001 0.0
2.4999968668215002 0.00395801499274596 6.250000000000001 0.0
2.4999976874071472 0.003400435106988624 6.250000000000001 0.0
2.499998392343159 0.0028351863468768323 6.250000000000001 0.0
2.4999989763202275 0.0022623876359823313 6.250000000000001 0.0
2.499999434063666 0.0016821656722236123 6.25 0.0
2.4999997603459234 0.001094655345086194 6.249999999999999 0.0
2.49999994999997 0.0005000001474145009 6.250000000000001 0.0
2.4999999979335605 -0.0001016474200495889 6.250000000000001 0.0
2.499999899144366 -0.0007101254532806572 6.249999999999999 0.0
2.4999996487359635 -0.001325262260703645 6.250000000000001 0.0
2.4999992419346593 -0.0019468759920779639 6.25 0.0
2.499998674107127 -0.0025747742826164413 6.25 0.0
2.4999979407788153 -0.003208753914469991 6.25 0.0
2.4999970376530865 -0.0038486004977443295 6.249999999999999 0.0
2.499995960631035 -0.004494088173239761 6.25 0.0
2.4999947058319143 -0.0051449793391163574 6.249999999999999 0.0
2.499993269614114 -0.005801024403684894 6.25 0.0
2.499991648596594 -0.006461961566505927 6.250000000000002 0.0
2.499989839680692 -0.007127516629945799 6.250000000000001 0.0
2.499987840072207 -0.007797402843286666 6.249999999999998 0.0
2.4999856473036437 -0.008471320781417751 6.25 0.0
2.499983259256501 -0.00914895826004563 6.250000000000001 0.0
2.499980674183485 -0.009829990289251992 6.249999999999998 0.0
2.49997789073051 -0.010514079067097235 6.249999999999999 0.0
2.4999749079583387 -0.011200874014817112 6.249999999999999 0.0
2.499971725363727 -0.011890011854987483 6.250000000000001 0.0
2.4999683428999115 -0.012581116733838877 6.25 0.0
2.4999647609962907 -0.0132738003886889 6.25 0.0
2.499960980577129 -0.013967662361226098 6.249999999999997 0.0
2.4999570030791363 -0.014662290257126077 6.250000000000001 0.0
2.4999528304677447 -0.015357260052209422 6.25 0.0
2.4999484652519435 -0.01605213644506345 6.249999999999998 0.0
2.4999439104974925 -0.016746473255747536 6.25 0.0
2.499939169838375 -0.017439813869886987 6.249999999999999 0.0
2.499934247486344 -0.018131691727135565 6.250000000000001 0.0
2.499929148238415 -0.018821630852653773 6.250000000000002 0.0
2.4999238774821877 -0.019509146429913117 6.25 0.0
2.499918441198873 -0.0201937454127973 6.25 0.0
2.4999128459639257 -0.020874927174634062 6.250000000000001 0.0
2.499907098945194 -0.02155218419145897 6.249999999999999 0.0
2.4999012078985188 -0.0222250027564886 6.249999999999999 0.0
2.499895181160719 -0.022892863722469032 6.249999999999999 0.0
2.4998890276399415 -0.023555243268268966 6.249999999999999 0.0
2.4998827568033524 -0.024211613685810256 6.25 0.0
2.4998763786621785 -0.02486144418317362 6.250000000000001 0.0
2.4998699037541274 -0.025504201699488832 6.249999999999999 0.0
2.4998633431232378 -0.02613935172701832 6.25 0.0
2.4998567082972216 -0.026766359135674614 6.25 0.0
2.4998500112624042 -0.027384688995077226 6.249999999999999 0.0
2.4998432644363646 -0.027993807389155675 6.250000000000002 0.0
2.4998364806384106 -0.028593182218244164 6.25 0.0
2.4998296730580467 -0.02918228398359054 6.25 0.0
2.499822855221595 -0.029760586549219717 6.250000000000001 0.0
2.4998160409571577 -0.030327567876147526 6.25 0.0
2.499809244358124 -0.03088271072403788 6.249999999999999 0.0
2.499802479745423 -0.03142550331553045 6.25 0.0
2.4997957616287474 -0.03195543995863852 6.249999999999999 0.0
2.499789104666977 -0.032472021622824795 6.250000000000001 0.0
2.4997825236280256 -0.03297475646460431 6.25 0.0
2.4997760333483514 -0.03346316029879628 6.250000000000001 0.0
2.4997696486923586 -0.033936757011847576 6.249999999999999 0.0
2.4997633845119225 -0.034395078913975176 6.25 0.0
2.499757255606252 -0.03483766702722198 6.25 0.0
2.4997512766823147 -0.035264071306883915 6.249999999999999 0.0
2.499745462316017 -0.03567385079414346 6.25 0.0
2.4997398269143285 -0.036066573698131224 6.25 0.0
2.499734384678529 -0.0364418174060294 6.249999999999999 0.0
2.499729149568725 -0.036799168420223814 6.250000000000001 0.0
2.499724135269769 -0.03713822222190198 6.249999999999999 0.0
2.499719355158709 -0.03745858306087889 6.25 0.0
2.4997148222738304 -0.037759863671806365 6.250000000000001 0.0
2.4997105492853873 -0.03804168491728299 6.249999999999998 0.0
2.4997065484680423 -0.03830367535872647 6.25 0.0
2.499702831675034 -0.03854547075619636 6.249999999999999 0.0
2.499699410314071 -0.038766713498660156 6.250000000000001 0.0
2.4996962953249025 -0.038967051966478025 6.25 0.0
2.4996934971585127 -0.03914613982813907 6.25 0.0
2.4996910257578406 -0.039303635273514964 6.249999999999999 0.0
2.499688890539917 -0.03943920018610357 6.25 0.0
2.4996871003792718 -0.03955249925691556 6.25 0.0
2.499685663592455 -0.03964319904281353 6.250000000000001 0.0
2.49968458792347 -0.03971096697224209 6.249999999999999 0.0
2.499683880529919 -0.03975547030139557 6.249999999999999 0.0
2.4996835479696133 -0.03977637502395361 6.25 0.0
2.4996835961874027 -0.0397733447375796 6.25 0.0
2.499684030501938 -0.03974603947042243 6.249999999999999 0.0
2.4996848555920748 -0.0396941144708932 6.25 0.0
2.4996860754825914 -0.03961721896400477 6.250000000000002 0.0
2.499687693528899 -0.03951499487757017 6.250000000000001 0.0
2.499689712400378 -0.03938707554155599 6.25 0.0
2.4996921340619718 -0.03923308436388418 6.249999999999998 0.0
2.499694959753652 -0.03905263348597222 6.250000000000001 0.0
2.4996981899673374 -0.038845322421303105 6.249999999999998 0.0
2.4997018244208653 -0.03861073668032452 6.25 0.0
2.499705862028542 -0.03834844638499564 6.249999999999998 0.0
2.499710300867849 -0.038058004876335975 6.250000000000001 0.0
2.4997151381418043 -0.0377389473183837 6.25 0.0
2.499720370136502 -0.03739078930204857 6.249999999999999 0.0
2.4997259921733135 -0.03701302545244979 6.25 0.0
2.4997319985552293 -0.036605128043465024 6.25 0.0
2.4997383825067914 -0.03616654562338868 6.249999999999998 0.0
2.4807644564070475 -0.03542565495961364 6.155447265201871 0.0
2.452702041888439 -0.03453255482802538 6.016939803626668 0.0
2.424543865418902 -0.03361787297375279 5.879543116723711 0.0
2.39629314051301 -0.032682181043180596 5.743288940227444 0.0
2.367953640019862 -0.03172606381330732 5.6082109844084 0.0
2.3395296924207623 -0.03075011882627869 5.474344751526217 0.0
2.3110261766044533 -0.029754956015943242 5.341727346358509 0.0
2.2824485151328844 -0.02874119732666343 5.210397280656079 0.0
2.253802666014318 -0.027709476324620837 5.080394272411431 0.0
2.2250951130043415 -0.026660437801857718 4.9517590408595895 0.0
2.1963328544590834 -0.02559473737330319 4.824533098157594 0.0
2.167523390768616 -0.024513041067034974 4.6987585387114335 0.0
2.1386747104020802 -0.02341602490803383 4.574477827135915 0.0
2.1097952745996302 -0.022304374495689644 4.451733585844574 0.0
2.080894000749678 -0.021178784575324378 4.330568383272089 0.0
2.05198024449329 -0.020039958603998775 4.211024523731592 0.0
2.0230637806007703 -0.018888608310874442 4.093143839902604 0.0
1.9941547826686141 -0.017725453252406598 3.9769674889331106 0.0
1.9652638016879758 -0.01655122036264437 3.862535753120568 0.0
1.9364017435386782 -0.01536664349892097 3.749887846112056 0.0
1.9075798454655024 -0.014172462983216623 3.639061725533201 0.0
1.8788096515960881 -0.012969425139481306 3.5300939129190625 0.0
1.8501029875622066 -0.011758281827206873 3.4230193217781304 0.0
1.8214719342884471 -0.010539789971538985 3.317871094573141 0.0
1.7929288010144802 -0.009314711090223861 3.214680449349916 0.0
1.7644860976190038 -0.008083810817684325 3.1134765366880766 0.0
1.736156506315275 -0.006847858426523093 3.0142863075858917 0.0
1.707952852789725 -0.0056076263467527004 2.9171343928258047 0.0
1.6798880768565756 -0.004363889683051746 2.82204299429805 0.0
1.6519752027026482 -0.003117425730349583 2.72903178868764 0.0
1.6242273087975703 -0.001869013488042539 2.638117843855216 0.0
1.5966574975454926 -0.0006194331731445281 2.5493155481656906 0.0
1.569278864755083 0.0006305342673233224 2.4626365529404644 0.0
1.5421044690050651 0.0018801076443988277 2.3780897281301487 0.0
1.5151473009828378 0.003128506015396774 2.2956811312254666 0.0
1.4884202528738413 0.0043749491719723204 2.215413989345287 0.0
1.461936087879198 0.00561865812772617 2.1372886943626903 0.0
1.435707409938905 0.006858855605045365 2.0613028108536904 0.0
1.4097466337373268 0.008094766520876838 1.987451096578752 0.0
1.3840659550670928 0.009325618471128788 1.915725535135653 0.0
1.3586773216266075 0.010550642213398225 1.846115380353567 0.0
1.3335924043253373 0.01176907214772256 1.7786072119334522 0.0
1.3088225691697855 0.012980146795054359 1.713185001779019 0.0
2.4999362269300813 0.01785668733521487 6.249999999999998 0.0
2.4999363538713197 0.017838906708980497 6.25 0.0
2.4999365520769916 0.017811108595561363 6.25 0.0
2.499936820820144 0.017773348240324324 6.249999999999999 0.0
2.4999371592402557 0.01772568333693328 6.250000000000001 0.0
2.499937566347323 0.017668173799896655 6.249999999999999 0.0
2.499938041025999 0.017600881543044927 6.250000000000001 0.0
2.4999385820397553 0.01752387026477671 6.249999999999999 0.0
2.499939188035058 0.017437205240865263 6.249999999999997 0.0
2.4999398575455163 0.01734095312556938 6.25 0.0
2.4999405889959943 0.017235181761744014 6.249999999999999 0.0
2.4999413807066713 0.017119960000597224 6.25 0.0
2.49994223089702 0.016995357531690968 6.25 0.0
2.4999431376897014 0.016861444723734815 6.250000000000001 0.0
2.499944099114351 0.016718292476673224 6.25 0.0
2.499945113111258 0.016565972085519895 6.249999999999998 0.0
2.4999461775349157 0.016404555116345906 6.250000000000001 0.0
2.499947290157441 0.016234113294782995 6.25 0.0
2.4999484486718644 0.0160547184073591 6.250000000000001 0.0
2.499949650695271 0.015866442215939944 6.249999999999999 0.0
2.4999508937718082 0.015669356385509026 6.249999999999999 0.0
2.4999521753755465 0.015463532425477712 6.250000000000001 0.0
2.499953492913202 0.015249041644678121 6.25 0.0
2.499954843726728 0.015025955120153787 6.250000000000002 0.0
2.4999562250957683 0.014794343679826343 6.25 0.0
2.499957634239996 0.01455427789908136 6.250000000000001 0.0
2.4999590683213295 0.014305828111282018 6.249999999999999 0.0
2.4999605244460525 0.014049064432186044 6.250000000000002 0.0
2.4999619996668314 0.01378405679820889 6.249999999999998 0.0
2.4999634909846655 0.01351087501844438 6.25 0.0
2.499964995350758 0.013229588840322784 6.25 0.0
2.4999665096683485 0.0129402680287556 6.250000000000001 0.0
2.4999680307945042 0.012642982458585538 6.249999999999999 0.0
2.4999695555419024 0.012337802220129914 6.25 0.0
2.4999710806806084 0.012024797737574856 6.249999999999999 0.0
2.4999726029398843 0.011704039899946974 6.25 0.0
2.499974119010033 0.011375600204357721 6.25 0.0
2.4999756255443133 0.011039550911183898 6.250000000000001 0.0
2.4999771191609357 0.01069596521081501 6.250000000000003 0.0
2.499978596445169 0.010344917401564816 6.250000000000002 0.0
2.4999800539515764 0.009986483078309988 6.25 0.0
2.499981488206406 0.009620739331383093 6.249999999999999 0.0
2.499982895710155 0.009247764955210873 6.249999999999999 0.0
2.4999842729403348 0.008867640666150459 6.249999999999998 0.0
2.4999856163544583 0.008480449328937526 6.250000000000001 0.0
2.4999869223932674 0.008086276191119833 6.25 0.0
2.4999881874842345 0.007685209124808201 6.25 0.0
2.4999894080453413 0.007277338875034364 6.249999999999998 0.0
2.4999905804891744 0.006862759313961351 6.250000000000001 0.0
2.499991701227339 0.006441567700147624 6.25 0.0
2.4999927666752275 0.006013864942020722 6.25 0.0
2.499993773257144 0.005579755864670244 6.250000000000002 0.0
2.499994717411805 0.005139349479024061 6.249999999999999 0.0
2.4999955955982403 0.0046927592524251905 6.250000000000001 0.0
2.49999640430208 0.004240103379581037 6.249999999999999 0.0
2.499997140042271 0.003781505052811575 6.25 0.0
2.4999977993781948 0.003317092730478948 6.249999999999999 0.0
2.499998378917216 0.002847000402438449 6.249999999999999 0.0
2.4999988753226496 0.0023713678513104337 6.249999999999999 0.0
2.499999285322148 0.0018903409083348359 6.25 0.0
2.4999996057165 0.0014040717025353318 6.250000000000001 0.0
2.4999998333888356 0.0009127189018890179 6.25 0.0
2.4999999653142218 0.0004164479451709379 6.250000000000001 0.0
2.4999999985696255 -8.456873687880927e-05 6.249999999999999 0.0
2.499999930344237 -0.0005901515124339183 6.249999999999997 0.0
2.4999997579501105 -0.0011001133528846946 6.250000000000001 0.0
2.499999478833101 -0.001614259651945967 6.250000000000001 0.0
2.499999090584066 -0.002132388060946168 6.249999999999999 0.0
2.4999985909502827 -0.0026542883416609607 6.249999999999999 0.0
2.499997977847042 -0.003179742238032711 6.25 0.0
2.4999972493693723 -0.0037085233680862004 6.249999999999999 0.0
2.4999964038038374 -0.004240397137309647 6.250000000000001 0.0
2.499995439640349 -0.004775120674718934 6.250000000000001 0.0
2.499994355583943 -0.005312442792760511 6.25 0.0
2.499993150566437 -0.005852103972135504 6.250000000000001 0.0
2.499991823757918 -0.0063938363725429635 6.25 0.0
2.4999903745779766 -0.006937363870244422 6.25 0.0
2.4999888027066173 -0.007482402123244801 6.25 0.0
2.4999871080947687 -0.008028658664766335 6.25 0.0
2.4999852909743128 -0.00857583302556292 6.250000000000002 0.0
2.4999833518675536 -0.009123616885482341 6.250000000000001 0.0
2.4999812915960486 -0.00967169425453404 6.250000000000001 0.0
2.4999791112887166 -0.010219741683560749 6.25 0.0
2.4999768123891473 -0.010767428504444867 6.25 0.0
2.4999743966620334 -0.01131441709960492 6.250000000000002 0.0
2.499971866198649 -0.01186036320035609 6.250000000000001 0.0
2.4999692234213073 -0.01240491621352206 6.249999999999999 0.0
2.4999664710867213 -0.012947719575494853 6.25 0.0
2.499963612288209 -0.013488411132746831 6.249999999999997 0.0
2.4999606504566936 -0.014026623547605635 6.250000000000001 0.0
2.4999575893604242 -0.014561984727910827 6.249999999999999 0.0
2.499954433103408 -0.015094118278981602 6.250000000000002 0.0
2.49995118612248 -0.01562264397614036 6.25 0.0
2.499947853183017 -0.01614717825585913 6.250000000000001 0.0
2.499944439373247 -0.016667334723426012 6.250000000000001 0.0
2.499940950097171 -0.017182724674869743 6.249999999999999 0.0
2.4999373910660796 -0.017692957630733 6.249999999999999 0.0
2.4999337682886797 -0.01819764187915198 6.250000000000001 0.0
2.499930088059859 -0.018696385025581456 6.249999999999999 0.0
2.4999263569481114 -0.01918879454640346 6.25 0.0
2.4999225817816657 -0.01967447834357514 6.250000000000001 0.0
2.499918769633374 -0.020153045297407565 6.250000000000002 0.0
2.4999149278044146 -0.0206241058145246 6.250000000000001 0.0
2.499911063806886 -0.021087272368029084 6.25 0.0
2.499907185345363 -0.021542160026903432 6.25 0.0
2.4999033002975097 -0.021988386971694224 6.249999999999998 0.0
2.4998994166938413 -0.02242557499357412 6.25 0.0
2.499895542696728 -0.022853349973940947 6.249999999999999 0.0
2.4998916865787626 -0.023271342341801556 6.249999999999999 0.0
2.4998878567005844 -0.023679187506296336 6.25 0.0
2.499884061488285 -0.024076526261849265 6.250000000000001 0.0
2.499880309410506 -0.024463005163575517 6.250000000000002 0.0
2.4998766089553484 -0.02483827687074354 6.25 0.0
2.499872968607205 -0.025202000456269497 6.249999999999997 0.0
2.4998693968236365 -0.025553841680416918 6.25 0.0
2.4998659020123934 -0.02589347322708202 6.249999999999999 0.0
2.4998624925087074 -0.026220574901263154 6.25 0.0
2.4998591765529357 -0.026534833786539203 6.250000000000001 0.0
2.4998559622686702 -0.02683594436161445 6.249999999999999 0.0
2.4998528576413968 -0.02712360857522481 6.25 0.0
2.4998498704977794 -0.02739753587893875 6.250000000000002 0.0
2.499847008485652 -0.02765744321762605 6.25 0.0
2.499844279054781 -0.02790305497760443 6.250000000000001 0.0
2.499841689438438 -0.02813410289270728 6.250000000000001 0.0
2.499839246635845 -0.028350325908743486 6.25 0.0
2.4998369573955093 -0.028551470007040818 6.25 0.0
2.4998348281994742 -0.028737287987975486 6.249999999999998 0.0
2.4998328652484947 -0.028907539215591995 6.249999999999999 0.0
2.4998310744481307 -0.029061989324607393 6.249999999999999 0.0
2.4998294613957537 -0.02920040989127196 6.250000000000003 0.0
2.499828031368427 -0.029322578069723094 6.25 0.0
2.4998267893116424 -0.02942827619562069 6.25 0.0
2.4998257398288444 -0.02951729135899006 6.250000000000001 0.0
2.4998248871717026 -0.029589414948322124 6.25 0.0
2.499824235231058 -0.029644442168090954 6.250000000000002 0.0
2.499823787528462 -0.02968217153194507 6.249999999999997 0.0
2.4998235472082393 -0.029702404333912955 6.25 0.0
2.499823517029955 -0.029704944100034374 6.249999999999999 0.0
2.4998236993612166 -0.029689596022889012 6.250000000000001 0.0
2.499824096170679 -0.029656166381543444 6.250000000000001 0.0
2.4998247090211514 -0.029604461949477162 6.250000000000003 0.0
2.499825539062685 -0.02953428939307971 6.249999999999999 0.0
2.4998265870255216 -0.029445454663336 6.249999999999999 0.0
2.4998278532127647 -0.02933776238333493 6.250000000000001 0.0
2.499829337492659 -0.029211015234251635 6.250000000000001 0.0
2.4998310392903362 -0.02906501334246442 6.25 0.0
2.4998329575788953 -0.028899553670478112 6.25 0.0
2.4998350908696776 -0.028714429414335055 6.25 0.0
2.499837437201608 -0.028509429410206656 6.249999999999999 0.0
2.499839994129463 -0.02828433755287215 6.249999999999998 0.0
2.4998427587109293 -0.028038932228809637 6.250000000000001 0.0
2.49984572749232 -0.027772985766647797 6.25 0.0
2.4998488964928245 -0.027486263907756835 6.249999999999999 0.0
2.4998522611871543 -0.02717852529979478 6.249999999999999 0.0
2.4998558164864644 -0.02684952101607165 6.25 0.0
2.499859556717436 -0.026498994103649993 6.250000000000001 0.0
2.4998634755993985 -0.026126679163166404 6.249999999999999 0.0
2.4998675662193914 -0.0257323019634358 6.250000000000001 0.0
2.499871821005056 -0.02531557909398869 6.249999999999999 0.0
2.49987623169528 -0.024876217658792128 6.25 0.0
2.499880789308495 -0.024413915014516747 6.25 0.0
2.4998854841085776 -0.02392835855683647 6.250000000000002 0.0
2.4998903055682753 -0.02341922555838207 6.249999999999999 0.0
2.499895242330136 -0.022886183062116507 6.250000000000002 0.0
2.4999002821648895 -0.02232888783405534 6.249999999999999 0.0
2.499905411927302 -0.02174698637942169 6.250000000000001 0.0
2.499910617509487 -0.021140115026496605 6.249999999999998 0.0
2.499915883791733 -0.02050790008260601 6.249999999999999 0.0
2.49992119459089 -0.019849958066866426 6.249999999999999 0.0
2.499926532606424 -0.019165896024497253 6.25 0.0
2.499931879364246 -0.018455311927688504 6.249999999999999 0.0
2.4999372151584884 -0.01771779516819244 6.250000000000001 0.0
2.4999425189914164 -0.016952927146975653 6.249999999999998 0.0
2.4999477685117277 -0.01616028196642589 6.250000000000001 0.0
2.4999529399515166 -0.015339427230747462 6.249999999999999 0.0
2.4999580080622645 -0.014489924960294599 6.250000000000001 0.0
2.499962946050232 -0.013611332625681514 6.250000000000002 0.0
2.4999677255117354 -0.012703204307559324 6.249999999999999 0.0
2.4999723163688263 -0.01176509198796096 6.250000000000001 0.0
2.4999766868059647 -0.010796546979075991 6.25 0.0
2.499980803208378 -0.009797121495217696 6.249999999999998 0.0
2.4999846301028477 -0.008766370373581486 6.249999999999999 0.0
2.4999881301017686 -0.007703852949149738 6.249999999999999 0.0
2.499991263851412 -0.006609135088770412 6.250000000000002 0.0
2.499993989985409 -0.005481791389011261 6.249999999999998 0.0
2.4999962650845817 -0.0043214075418565425 6.250000000000001 0.0
2.4918790474571026 -0.003117425730349583 6.209470905498901 0.0
2.4593142272062747 -0.001869013488042539 6.048229961350615 0.0
2.4268922779971165 -0.0006194331731445281 5.889806512699489 0.0
2.3946271461881303 0.0006305342673233223 5.734239566834572 0.0
2.3625327479996665 0.0018801076443988277 5.58156452017561 0.0
2.330622938454307 0.0031285060153967738 5.431813068799278 0.0
2.2989114803682225 0.0043749491719723204 5.28501313474907 0.0
2.2674120134712634 0.00561865812772617 5.141188808152965 0.0
2.236138023733288 0.006858855605045365 5.000360305086026 0.0
2.2051028129736823 0.008094766520876838 4.8625439410294735 0.0
2.1743194688304026 0.009325618471128788 4.727752119694793 0.0
2.143800835163951 0.010550642213398225 4.5959933369007695 0.0
2.1135594829706634 0.01176907214772256 4.467272199114436 0.0
2.0836076818784215 0.01298014679505436 4.34158945619359 0.0
2.4999511733054653 0.015624694833159158 6.250000000000002 0.0
2.4999512622906175 0.01561045071571586 6.249999999999999 0.0
2.499951406889988 0.015587276502636378 6.250000000000001 0.0
2.4999516065800207 0.015555216423222258 6.249999999999999 0.0
2.4999518607272546 0.01551431746276786 6.249999999999998 0.0
2.4999521685913026 0.015464629178972077 6.25 0.0
2.4999525293279112 0.015406203522496907 6.249999999999997 0.0
2.4999529419920963 0.01533909466240075 6.25 0.0
2.499953405541315 0.01526335881713732 6.249999999999999 0.0
2.4999539188386812 0.015179054091773055 6.250000000000001 0.0
2.4999544806561866 0.01508624032203634 6.249999999999998 0.0
2.4999550896779317 0.01498497892577169 6.250000000000001 0.0
2.4999557445033322 0.014875332762330966 6.250000000000001 0.0
2.4999564436503148 0.014757366000392541 6.249999999999999 0.0
2.499957185558466 0.014631143994657694 6.249999999999999 0.0
2.499957968592141 0.014496733171832228 6.249999999999999 0.0
2.499958791043518 0.014354200926259915 6.250000000000001 0.0
2.499959651135594 0.014203615525533644 6.249999999999998 0.0
2.4999605470251165 0.014045046026369743 6.250000000000003 0.0
2.4999614768054395 0.013878562200990988 6.250000000000001 0.0
2.499962438509322 0.01370423447422508 6.250000000000001 0.0
2.499963430111641 0.013522133871486567 6.250000000000001 0.0
2.49996444953204 0.013332331977772945 6.250000000000001 0.0
2.4999654946375043 0.013134900907768709 6.249999999999998 0.0
2.4999665632448744 0.012929913287115083 6.250000000000001 0.0
2.4999676531232855 0.012717442244868097 6.25 0.0
2.4999687619965623 0.012497561417133048 6.249999999999999 0.0
2.4999698875455514 0.012270344961829632 6.249999999999999 0.0
2.499971027410415 0.012035867584509015 6.249999999999999 0.0
2.4999721791928886 0.011794204575111386 6.249999999999999 0.0
2.499973340458508 0.011545431855520677 6.250000000000001 0.0
2.4999745087388243 0.01128962603774141 6.249999999999998 0.0
2.4999756815336154 0.011026864492491418 6.25 0.0
2.499976856313092 0.010757225427973176 6.25 0.0
2.499978030520138 0.010480787978555792 6.25 0.0
2.4999792015725673 0.010197632303068794 6.25 0.0
2.499980366865434 0.009907839692378472 6.249999999999999 0.0
2.4999815237733953 0.009611492685886569 6.249999999999999 0.0
2.4999826696531486 0.009308675196560633 6.249999999999999 0.0
2.49998380184595 0.0089994726440741 6.250000000000002 0.0
2.499984917680233 0.00868397209560347 6.249999999999999 0.0
2.4999860144743455 0.008362262413798314 6.25 0.0
2.4999870895394016 0.008034434411408739 6.249999999999999 0.0
2.4999881401822845 0.007700581012023015 6.250000000000001 0.0
2.4999891637087943 0.007360797416336522 6.250000000000001 0.0
2.499990157426965 0.007015181273341285 6.25 0.0
2.4999911186505583 0.006663832855793434 6.25 0.0
2.499992044702741 0.0063068552392843685 6.250000000000001 0.0
2.4999929329199646 0.005944354484209721 6.250000000000001 0.0
2.499993780656051 0.005576439819899245 6.249999999999999 0.0
2.499994585286491 0.005203223830140144 6.25 0.0
2.4999953442129645 0.004824822639296448 6.25 0.0
2.499996054868089 0.0044413560981984655 6.250000000000001 0.0
2.4999967147203934 0.004052947968948574 6.249999999999999 0.0
2.4999973212795283 0.0036597261077636264 6.250000000000001 0.0
2.499997872101701 0.003261822644950044 6.250000000000001 0.0
2.4999983647953465 0.002859374161085571 6.25 0.0
2.4999987970270174 0.0024525218584620268 6.25 0.0
2.499999166527493 0.0020414117268265797 6.249999999999998 0.0
2.499999471098102 0.0016261947024455504 6.25 0.0
2.4999997086172345 0.0012070268195047496 6.250000000000001 0.0
2.499999877047047 0.0007840693528542425 6.25 0.0
2.4999999744403296 0.00035748895110379364 6.249999999999999 0.0
2.499999998947525 -7.254224092159326e-05 6.250000000000002 0.0
2.499999948823869 -0.0005058464713486483 6.250000000000001 0.0
2.4999998224366435 -0.0009422402830140167 6.25 0.0
2.4999996182724953 -0.0013815344287630917 6.25 0.0
2.4999993349448064 -0.0018235338012130434 6.249999999999998 0.0
2.499998971201079 -0.002268037377871742 6.25 0.0
2.499998525930294 -0.002714838182465243 6.250000000000001 0.0
2.499997998170221 -0.0031637232632810474 6.249999999999999 0.0
2.4999973871146244 -0.0036144736892813755 6.25 0.0
2.499996692120334 -0.004066864564681038 6.249999999999999 0.0
2.4999959127141373 -0.004520665062617102 6.250000000000001 0.0
2.499995048599443 -0.004975638478463569 6.249999999999999 0.0
2.4999940996626786 -0.005431542303262801 6.249999999999999 0.0
2.4999930659793668 -0.00588812831765728 6.25 0.0
2.499991947819839 -0.006345142706610532 6.250000000000001 0.0
2.4999907456545385 -0.0068023261951049695 6.25 0.0
2.499989460158863 -0.007259414204897623 6.250000000000001 0.0
2.4999880922175013 -0.007716137032302557 6.250000000000003 0.0
2.499986642928219 -0.008172220046851976 6.25 0.0
2.4999851136050513 -0.008627383910567237 6.250000000000002 0.0
2.4999835057808495 -0.009081344817447197 6.250000000000001 0.0
2.499981821209159 -0.009533814752654777 6.250000000000001 0.0
2.4999800618653722 -0.009984501770755189 6.250000000000001 0.0
2.499978229947139 -0.010433110292231084 6.250000000000001 0.0
2.499976327873991 -0.010879341417372498 6.25 0.0
2.4999743582861607 -0.011322893256513747 6.249999999999999 0.0
2.4999723240425724 -0.011763461275466607 6.25 0.0
2.4999702282179834 -0.012200738654880427 6.250000000000001 0.0
2.499968074099269 -0.012634416662145966 6.25 0.0
2.4999658651808403 -0.01306418503435265 6.249999999999999 0.0
2.4999636051591962 -0.013489732370708912 6.249999999999999 0.0
2.4999612979266104 -0.013910746532744067 6.250000000000001 0.0
2.4999589475639663 -0.014326915050528199 6.249999999999999 0.0
2.4999565583327605 -0.01473792553307548 6.25 0.0
2.499954134666285 -0.015143466081036318 6.250000000000002 0.0
2.4999516811600273 -0.015543225699736242 6.25 0.0
2.4999492025613206 -0.015936894710584494 6.249999999999998 0.0
2.499946703758275 -0.016324165158854195 6.249999999999999 0.0
2.499944189768045 -0.016704731215828234 6.25 0.0
2.4999416657244726 -0.01707828957331197 6.250000000000001 0.0
2.4999391368651698 -0.017444539828534875 6.249999999999999 0.0
2.49993660851809 -0.01780318485749835 6.25 0.0
2.4999340860876504 -0.01815393117487676 6.249999999999998 0.0
2.499931575040478 -0.018496489278642007 6.25 0.0
2.4999290808908303 -0.01883057397765867 6.25 0.0
2.499926609185778 -0.01915590470058675 6.250000000000001 0.0
2.499924165490202 -0.019472205784530336 6.249999999999998 0.0
2.4999217553716875 -0.019779206741984134 6.250000000000002 0.0
2.499919384385372 -0.020076642504752756 6.250000000000002 0.0
2.499917058058834 -0.020364253643650576 6.249999999999999 0.0
2.4999147818770724 -0.020641786562930805 6.25 0.0
2.499912561267647 -0.020908993668539676 6.249999999999998 0.0
2.4999104015860536 -0.02116563350944572 6.25 0.0
2.4999083081013715 -0.02141147089145108 6.249999999999997 0.0
2.4999062859822643 -0.021646276963052987 6.25 0.0
2.499904340283357 -0.021869829273085596 6.25 0.0
2.4999024759320623 -0.022081911800035468 6.25 0.0
2.4999006977158773 -0.02228231495308563 6.249999999999999 0.0
2.499899010270196 -0.02247083554510308 6.25 0.0
2.49989741806666 -0.022647276737941105 6.249999999999998 0.0
2.499895925402084 -0.02281144796057999 6.249999999999999 0.0
2.4998945363879517 -0.022963164800776422 6.249999999999999 0.0
2.4998932549405186 -0.023102248871032724 6.25 0.0
2.499892084771505 -0.023228527649830417 6.25 0.0
2.4998910293793903 -0.02334183429919862 6.249999999999999 0.0
2.499890092041299 -0.02344200745980543 6.250000000000001 0.0
2.4998892758054585 -0.02352889102486934 6.25 0.0
2.499888583484221 -0.023602333894287807 6.250000000000002 0.0
2.4998880176476117 -0.023662189710470793 6.25 0.0
2.499887580617389 -0.023708316577448686 6.249999999999999 0.0
2.499887274461565 -0.0237405767648963 6.250000000000001 0.0
2.499887100989358 -0.023758836398777947 6.250000000000001 0.0
2.499887061746538 -0.02376296514037305 6.250000000000001 0.0
2.4998871580111017 -0.023752835855487625 6.250000000000001 0.0
2.4998873907892465 -0.023728324275694986 6.249999999999999 0.0
2.499887760811577 -0.023689308653479475 6.25 0.0
2.499888268529494 -0.023635669413180103 6.250000000000001 0.0
2.4998889141117115 -0.023567288799648513 6.249999999999998 0.0
2.499889697440843 -0.0234840505265463 6.250000000000003 0.0
2.499890618109987 -0.023385839426213563 6.250000000000001 0.0
2.499891675419278 -0.023272541103041968 6.249999999999998 0.0
2.499892868372318 -0.023144041592284212 6.250000000000001 0.0
2.4998941956724376 -0.02300022702622652 6.250000000000002 0.0
2.499895655718744 -0.02284098330964457 6.250000000000002 0.0
2.49989724660188 -0.0226661958064536 6.249999999999997 0.0
2.4998989660994533 -0.0224757490394549 6.25 0.0
2.4999008116710737 -0.022269526405069903 6.249999999999999 0.0
2.4999027804529685 -0.022047409904943832 6.25 0.0
2.4999048692521093 -0.021809279896290973 6.250000000000001 0.0
2.4999070745398244 -0.021555014862845622 6.250000000000001 0.0
2.499909392444855 -0.021284491208275153 6.249999999999999 0.0
2.499911818745824 -0.02099758307390653 6.249999999999999 0.0
2.4999143488630886 -0.020694162182612816 6.25 0.0
2.499916977849959 -0.020374097710704687 6.249999999999998 0.0
2.4999197003832716 -0.020037256189670772 6.249999999999997 0.0
2.499922510753299 -0.01968350143961131 6.250000000000002 0.0
2.499925402853003 -0.019312694536212014 6.249999999999999 0.0
2.499928370166649 -0.018924693813107567 6.249999999999997 0.0
2.4999314057577724 -0.018519354901487095 6.25 0.0
2.4999345022565467 -0.018096530808797112 6.250000000000002 0.0
2.499937651846577 -0.017656072038398835 6.250000000000002 0.0
2.4999408462511683 -0.01719782675203666 6.250000000000001 0.0
2.4999440767191254 -0.01672164097697135 6.250000000000003 0.0
2.499947334010147 -0.01622735885962391 6.249999999999999 0.0
2.4999506083799132 -0.01571482296756387 6.250000000000001 0.0
2.499953889564939 -0.015183874641655215 6.250000000000002 0.0
2.499957166767321 -0.014634354400146403 6.250000000000001 0.0
2.499960428639496 -0.01406610239645147 6.25 0.0
2.4999636632691487 -0.013478958932320623 6.25 0.0
2.4999668581644303 -0.012872765028033865 6.25 0.0
2.4999700002396614 -0.012247363051172149 6.25 0.0
2.4999730758017074 -0.01160259740542309 6.250000000000001 0.0
2.49997607053724 -0.01093831528075953 6.249999999999999 0.0
2.499978969501117 -0.010254367466190115 6.249999999999999 0.0
2.4999817571061214 -0.009550609226114367 6.25 0.0
2.4999844171143306 -0.008826901241123127 6.25 0.0
2.4999869326304096 -0.008083110613862847 6.25 0.0
2.499989286097123 -0.0073191119403270746 6.249999999999998 0.0
2.499991459293403 -0.006534788446651576 6.250000000000001 0.0
2.499993433335301 -0.005730033191163015 6.249999999999997 0.0
2.499995188680208 -0.004904750331068988 6.25 0.0
2.499996705134688 -0.004058856452773942 6.25 0.0
2.499997961866341 -0.003192281964360065 6.249999999999998 0.0
2.4999989374200844 -0.0023049725482857004 6.249999999999999 0.0
2.49999960973926 -0.001396890671823679 6.25 0.0
2.499999956191989 -0.00046801715218740286 6.250000000000002 0.0
2.499999953603189 0.0004816472273228399 6.249999999999999 0.0
2.4999995782926674 0.0014520800544786665 6.25 0.0
2.4999988061196916 0.0024432355836113435 6.250000000000001 0.0
2.4999976125344405 0.0034550429951845474 6.250000000000002 0.0
2.4999959726367003 0.004487404625977382 6.249999999999998 0.0
2.4999938612421593 0.005540194177195833 6.250000000000002 0.0
2.4999912529566006 0.0066132549086503995 6.250000000000001 0.0
2.499988122258287 0.007706397827967989 6.25 0.0
2.4999844435887346 0.008819399884647375 6.25 0.0
2.499980191452048 0.009952002179602936 6.250000000000001 0.0
2.4999753405229117 0.01110390820166456 6.249999999999999 0.0
2.4999840562749718 0.008928514486696328 6.25 0.0
2.4999840769712733 0.008922717640445438 6.250000000000001 0.0
2.4999841162188865 0.008911714384585845 6.249999999999999 0.0
2.4999841738909128 0.008895521062376791 6.25 0.0
2.4999842498212717 0.008874156048536343 6.25 0.0
2.4999843438053775 0.008847639684990739 6.25 0.0
2.499984455600866 0.008815994217428099 6.249999999999999 0.0
2.4999845849283706 0.00877924373293483 6.25 0.0
2.4999847314723467 0.008737414098983173 6.249999999999998 0.0
2.499984894881936 0.008690532904027262 6.250000000000001 0.0
2.4999850747718657 0.00863862939995326 6.250000000000001 0.0
2.4999852707233874 0.008581734446616638 6.250000000000001 0.0
2.499985482285241 0.008519880458686251 6.250000000000001 0.0
2.4999857089746493 0.008453101355001033 6.249999999999997 0.0
2.499985950278335 0.008381432510630754 6.249999999999999 0.0
2.4999862056535567 0.008304910711817232 6.249999999999998 0.0
2.4999864745291704 0.008223574113957221 6.249999999999998 0.0
2.4999867563067006 0.008137462202772507 6.250000000000001 0.0
2.4999870503614274 0.008046615758796808 6.25 0.0
2.4999873560434898 0.007951076825293009 6.25 0.0
2.499987672678995 0.00785088867969794 6.25 0.0
2.4999879995711427 0.007746095808675529 6.250000000000001 0.0
2.4999883360013517 0.007636743886842701 6.250000000000001 0.0
2.4999886812304024 0.0075228797592159355 6.249999999999998 0.0
2.4999890344995834 0.007404551427409909 6.25 0.0
2.499989395031842 0.007281808039603277 6.250000000000002 0.0
2.49998976203295 0.007154699884270305 6.249999999999999 0.0
2.499990134692673 0.0070232783876608565 6.25 0.0
2.499990512185948 0.0068875961149952 6.250000000000001 0.0
2.4999908936740702 0.006747706775324148 6.250000000000002 0.0
2.499991278305892 0.006603665229989409 6.249999999999998 0.0
2.4999916652190337 0.0064555275046034545 6.25 0.0
2.499992053541098 0.006303350804452925 6.25 0.0
2.49999244239091 0.006147193533214685 6.250000000000002 0.0
2.499992830879762 0.005987115314858722 6.25 0.0
2.4999932181126834 0.005823177018597753 6.250000000000001 0.0
2.4999936031897176 0.00565544078672916 6.25 0.0
2.499993985207229 0.005483970065201104 6.249999999999999 0.0
2.4999943632592228 0.005308829636721192 6.249999999999998 0.0
2.499994736438691 0.005130085656212936 6.25 0.0
2.49999510383898 0.004947805688412698 6.250000000000002 0.0
2.499995464555183 0.0047620587473873825 6.249999999999998 0.0
2.4999958176855643 0.00457291533774164 6.249999999999999 0.0
2.499996162332999 0.004380447497271811 6.249999999999999 0.0
2.4999964976064524 0.004184728840813402 6.25 0.0
2.4999968226224816 0.00398583460501861 6.250000000000003 0.0
2.4999971365067672 0.003783841693791005 6.25 0.0
2.4999974383956807 0.0035788287240957357 6.250000000000001 0.0
2.4999977274378686 0.003370876071855495 6.25 0.0
2.4999980027958815 0.0031600659176353484 6.25 0.0
2.4999982636478175 0.0029464822918130653 6.249999999999998 0.0
2.499998509189005 0.0027302111189261113 6.250000000000001 0.0
2.4999987386337006 0.0025113402608820334 6.25 0.0
2.4999989512168237 0.002289959558715432 6.249999999999999 0.0
2.4999991461957043 0.002066160872572388 6.250000000000002 0.0
2.499999322851852 0.0018400381196020273 6.249999999999999 0.0
2.499999480492749 0.0016116873094349786 6.249999999999998 0.0
2.4999996184536495 0.0013812065769297714 6.250000000000001 0.0
2.499999736099389 0.0011486962118709726 6.250000000000001 0.0
2.4999998328262056 0.0009142586853069653 6.25 0.0
2.4999999080635584 0.0006779986722209295 6.250000000000001 0.0
2.4999999612759396 0.0004400230702356241 6.250000000000002 0.0
2.49999999196468 0.00020044101406132945 6.25 0.0
2.499999999669741 -4.063611459334409e-05 6.25 0.0
2.49999998397148 -0.00028309468191623004 6.25 0.0
2.499999944492389 -0.0005268188019466581 6.249999999999998 0.0
2.4999998808988004 -0.000771690341830326 6.25 0.0
2.4999997929025444 -0.0010175889325964205 6.25 0.0
2.499999680262561 -0.0012643919856609182 6.25 0.0
2.4999995427864503 -0.0015119747152395734 6.25 0.0
2.499999380331957 -0.0017602101668323404 6.25 0.0
2.499999192808379 -0.0020089692519173826 6.250000000000002 0.0
2.4999989801778923 -0.0022581207889680282 6.249999999999999 0.0
2.4999987424567878 -0.0025075315508794843 6.249999999999999 0.0
2.4999984797166004 -0.0027570663188646 6.25 0.0
2.499998192085135 -0.003006587942848951 6.250000000000002 0.0
2.4999978797473723 -0.0032559574083655873 6.250000000000002 0.0
2.4999975429462507 -0.0035050339099188237 6.25 0.0
2.499997181983314 -0.0037536749307547127 6.249999999999998 0.0
2.499996797219219 -0.004001736328943562 6.249999999999999 0.0
2.4999963890740897 -0.004249072429646967 6.249999999999999 0.0
2.4999959580277253 -0.004495536123408878 6.250000000000001 0.0
2.499995504619639 -0.004740978970277086 6.250000000000001 0.0
2.499995029448935 -0.00498525130952872 6.250000000000001 0.0
2.4999945331740085 -0.005228202374740702 6.25 0.0
2.4999940165120735 -0.005469680413914378 6.250000000000001 0.0
2.4999934802385066 -0.005709532814332469 6.249999999999998 0.0
2.4999929251860116 -0.0059476062317966195 6.249999999999999 0.0
2.4999923522435936 -0.00618374672386521 6.250000000000001 0.0
2.4999917623553514 -0.006417799886684153 6.250000000000002 0.0
2.4999911565190818 -0.006649610994978165 6.25 0.0
2.4999905357846974 -0.006879025144746769 6.250000000000001 0.0
2.49998990125246 -0.0071058873981884214 6.25 0.0
2.499989254071033 -0.007330042930357505 6.25 0.0
2.499988595435355 -0.007551337177043138 6.25 0.0
2.499987926584341 -0.0077696159833454 6.250000000000002 0.0
2.4999872487984134 -0.00798472575241458 6.250000000000001 0.0
2.4999865633968725 -0.008196513593811698 6.249999999999998 0.0
2.499985871735115 -0.008404827470944627 6.249999999999998 0.0
2.499985175201699 -0.008609516347033308 6.249999999999999 0.0
2.4999844752152796 -0.008810430329060145 6.25 0.0
2.4999837732214116 -0.009007420809167433 6.25 0.0
2.4999830706892374 -0.009200340602972862 6.249999999999999 0.0
2.499982369108067 -0.009389044084286665 6.249999999999999 0.0
2.499981669983863 -0.0095733873157296 6.250000000000002 0.0
2.499980974835643 -0.009753228174769991 6.250000000000002 0.0
2.4999802851918123 -0.009928426474719913 6.249999999999999 0.0
2.499979602586438 -0.01009884408025552 6.250000000000001 0.0
2.4999789285554734 -0.010264345017054336 6.250000000000003 0.0
2.499978264632958 -0.010424795575172435 6.25 0.0
2.4999776123471924 -0.010580064405817399 6.25 0.0
2.499976973216906 -0.010730022611207604 6.249999999999999 0.0
2.4999763487474334 -0.010874543827245495 6.249999999999999 0.0
2.4999757404269065 -0.011013504298771027 6.249999999999998 0.0
2.499975149722478 -0.011146782947201493 6.249999999999998 0.0
2.4999745780765847 -0.0112742614304053 6.249999999999999 0.0
2.499974026903264 -0.0113958241946995 6.249999999999998 0.0
2.4999734975845342 -0.01151135851890364 6.25 0.0
2.499972991466844 -0.011620754550425827 6.250000000000001 0.0
2.499972509857605 -0.011723905333400309 6.25 0.0
2.4999720540218178 -0.01182070682893903 6.250000000000003 0.0
2.499971625178783 -0.011911057927602322 6.249999999999999 0.0
2.499971224498931 -0.011994860454236384 6.250000000000001 0.0
2.499970853100746 -0.012072019165365967 6.25 0.0
2.4999705120478133 -0.01214244173937127 6.25 0.0
2.4999702023459793 -0.012206038759716509 6.250000000000001 0.0
2.4999699249406313 -0.01226272369153517 6.25 0.0
2.499969680714101 -0.012312412851912381 6.250000000000001 0.0
2.4999694704831903 -0.012355025374238677 6.250000000000001 0.0
2.4999692949968177 -0.01239048316704125 6.249999999999999 0.0
2.499969154933793 -0.01241871086772841 6.25 0.0
2.4999690509007046 -0.012439635791710566 6.25 0.0
2.4999689834299326 -0.012453187877386281 6.25 0.0
2.499968952977775 -0.012459299627504933 6.25 0.0
2.4999689599226853 -0.012457906047438128 6.249999999999999 0.0
2.4999690045636207 -0.012448944580910257 6.249999999999999 0.0
2.499969087118492 -0.012432355043754551 6.250000000000001 0.0
2.499969207722712 -0.012408079556274411 6.249999999999999 0.0
2.4999693664278406 -0.012376062474801157 6.249999999999999 0.0
2.499969563200314 -0.012336250323048139 6.250000000000002 0.0
2.4999697979202558 -0.01228859172386799 6.250000000000001 0.0
2.4999700703803702 -0.012233037332024122 6.25 0.0
2.4999703802848985 -0.012169539768590216 6.249999999999999 0.0
2.4999707272486447 -0.012098053557591575 6.25 0.0
2.499971110796059 -0.012018535065500744 6.250000000000001 0.0
2.4999715303603747 -0.011930942444196168 6.250000000000001 0.0
2.499971985282798 -0.0118352355779874 6.250000000000001 0.0
2.4999724748117362 -0.011731376035303087 6.249999999999998 0.0
2.4999729981020735 -0.01161932702562935 6.249999999999998 0.0
2.4999735542144785 -0.01149905336227551 6.25 0.0
2.499974142114749 -0.011370521431532159 6.250000000000002 0.0
2.4999747606731924 -0.011233699168773016 6.25 0.0
2.499975408664034 -0.011088556042036807 6.25 0.0
2.4999760847648593 -0.010935063043608917 6.250000000000003 0.0
2.499976787556089 -0.01077319269010444 6.250000000000001 0.0
2.4999775155204915 -0.010602919031534801 6.249999999999999 0.0
2.49997826704273 -0.010424217669819049 6.25 0.0
2.4999790404089524 -0.010237065787178505 6.249999999999997 0.0
2.4999798338064347 -0.010041442184829285 6.25 0.0
2.499980645323271 -0.009837327332361694 6.2500000000000036 0.0
2.4999814729481336 -0.009624703428168194 6.25 0.0
2.499982314570106 -0.00940355447125257 6.249999999999999 0.0
2.499983167978595 -0.00917386634472227 6.250000000000003 0.0
2.4999840308633376 -0.008935626911232944 6.249999999999998 0.0
2.499984900814532 -0.00868882612061986 6.249999999999999 0.0
2.499985775323072 -0.008433456129913895 6.2499999999999964 0.0
2.4999866517809446 -0.008169511435900667 6.249999999999999 0.0
2.49998752748177 -0.007896989020340523 6.250000000000002 0.0
2.499988399621533 -0.007615888507922719 6.249999999999997 0.0
2.499989265299512 -0.007326212336981555 6.25 0.0
2.499990121519424 -0.007027965942952523 6.249999999999999 0.0
2.4999909651908245 -0.006721157954495606 6.25 0.0
2.499991793130771 -0.006405800402157681 6.25 0.0
2.4999926020657846 -0.006081908939388931 6.249999999999999 0.0
2.4999933886341346 -0.005749503075667869 6.25 0.0
2.4999941493884696 -0.005408606421425715 6.25 0.0
2.49999488079883 -0.0050592469443952095 6.25 0.0
2.499995579256061 -0.004701457236939009 6.249999999999999 0.0
2.4999962410756664 -0.004335274793840958 6.249999999999999 0.0
2.499996862502118 -0.003960742299968612 6.250000000000001 0.0
2.499997439713662 -0.0035779079271372463 6.25 0.0
2.4999979688276435 -0.0031868256394262575 6.249999999999999 0.0
2.499998445906377 -0.002787555506115822 6.249999999999999 0.0
2.4999988669635895 -0.0023801640213279227 6.249999999999999 0.0
2.4999992279714642 -0.001964724429370208 6.250000000000001 0.0
2.499999524868302 -0.0015413170546938273 6.249999999999999 0.0
2.4999997535668292 -0.0011100296352893637 6.249999999999998 0.0
2.4999999099631625 -0.0006709576582574473 6.249999999999999 0.0
2.4999999899464505 -0.0002242046962032555 6.249999999999998 0.0
2.49999998940921 0.00023011725698120767 6.250000000000003 0.0
2.499999904258349 0.0006918874524668209 6.250000000000001 0.0
2.4999997304269046 0.0011609760565702348 6.25 0.0
2.4999994638864735 0.0016372438262473297 6.250000000000002 0.0
2.4999991006603404 0.0021205417917480648 6.250000000000002 0.0
2.4999986368372977 0.002610710948249206 6.250000000000003 0.0
2.4999980685861285 0.003107581958342387 6.250000000000001 0.0
2.4999973921707412 0.0036109748673060268 6.249999999999999 0.0
2.4999966039659185 0.004120698833133602 6.249999999999999 0.0
2.4999957004736477 0.0046365518733231794 6.249999999999999 0.0
2.499994678339991 0.005158320630454754 6.250000000000001 0.0
2.4999953772317567 0.004807683417753379 6.249999999999999 0.0
2.4999953817805656 0.004805317455254219 6.250000000000002 0.0
2.499995391857541 0.0048000719849667865 6.25 0.0
2.499995407433004 0.004791953034776602 6.249999999999999 0.0
2.4999954284647727 0.004780968023112912 6.250000000000001 0.0
2.499995454898308 0.004767125738028955 6.25 0.0
2.4999954866668874 0.004750436316092573 6.250000000000001 0.0
2.4999955236917963 0.004730911221182573 6.250000000000002 0.0
2.4999955658825423 0.004708563223283667 6.250000000000001 0.0
2.499995613137092 0.004683406377369779 6.25 0.0
2.499995665342124 0.004655456002462079 6.249999999999999 0.0
2.499995722373303 0.004624728660944379 6.250000000000001 0.0
2.499995784095571 0.004591242138214366 6.25 0.0
2.499995850363456 0.004555015422744764 6.25 0.0
2.499995921021396 0.0045160686866237525 6.249999999999999 0.0
2.49999599590408 0.004474423266639042 6.250000000000001 0.0
2.4999960748367998 0.0044301016459646955 6.249999999999999 0.0
2.4999961576358225 0.004383127436504447 6.250000000000001 0.0
2.499996244108766 0.0043335253619395595 6.249999999999999 0.0
2.4999963340549978 0.004281321241523484 6.250000000000002 0.0
2.4999964272660344 0.004226541974659708 6.25 0.0
2.4999965235259616 0.004169215526293063 6.249999999999998 0.0
2.499996622611858 0.004109370913138658 6.249999999999998 0.0
2.4999967242942303 0.004047038190766458 6.249999999999999 0.0
2.499996828337458 0.0039822484415532175 6.25 0.0
2.499996934500247 0.003915033763507287 6.250000000000001 0.0
2.499997042536088 0.0038454272599655675 6.249999999999998 0.0
2.49999715219373 0.0037734630301556587 6.25 0.0
2.4999972632176486 0.0036991761606101235 6.25 0.0
2.4999973753485323 0.0036226027174136883 6.249999999999998 0.0
2.4999974883237703 0.0035437797392582644 6.250000000000001 0.0
2.4999976018779426 0.003462745231274751 6.250000000000001 0.0
2.499997715743322 0.0033795381596049227 6.25 0.0
2.499997829650377 0.003294198446671111 6.250000000000001 0.0
2.4999979433282777 0.0032067669670960003 6.25 0.0
2.499998056505412 0.0031172855442196915 6.250000000000002 0.0
2.4999981689098965 0.0030257969471562045 6.250000000000001 0.0
2.4999982802700997 0.0029323448883268625 6.25 0.0
2.499998390315162 0.0028369740214035134 6.25 0.0
2.499998498775521 0.0027397299395903302 6.250000000000001 0.0
2.4999986053834364 0.002640659174169029 6.250000000000002 0.0
2.4999987098735197 0.002539809193228688 6.250000000000001 0.0
2.4999988119832626 0.0024372284004980965 6.25 0.0
2.4999989114535666 0.0023329661341955576 6.250000000000001 0.0
2.4999990080292713 0.0022270726658085035 6.249999999999999 0.0
2.499999101459686 0.0021195991987130137 6.25 0.0
2.4999991914991133 0.0020105978665414647 6.250000000000001 0.0
2.499999277907377 0.0019001217312051078 6.25 0.0
2.4999993604503454 0.0017882247804772728 6.250000000000002 0.0
2.499999438900447 0.0016749619250422962 6.25 0.0
2.4999995130371895 0.0015603889949150555 6.25 0.0
2.499999582647666 0.0014445627351362003 6.25 0.0
2.49999964752706 0.001327540800648907 6.250000000000001 0.0
2.4999997074791396 0.0012093817502640868 6.250000000000002 0.0
2.4999997623167474 0.0010901450396225802 6.250000000000001 0.0
2.4999998118622773 0.000969891013064958 6.249999999999998 0.0
2.4999998559481442 0.0008486808943220836 6.250000000000002 0.0
2.4999998944172352 0.000726576775942587 6.249999999999999 0.0
2.499999927123361 0.0006036416073768772 6.250000000000001 0.0
2.4999999539316757 0.0004799391816412629 6.249999999999998 0.0
2.4999999747190973 0.000355534120490165 6.249999999999998 0.0
2.4999999893747002 0.00023049185802920824 6.249999999999998 0.0
2.499999997800095 0.00010487862270728852 6.25 0.0
2.4999999999097846 -2.1238582368555214e-05 6.250000000000001 0.0
2.499999995631505 -0.00014779200084558025 6.250000000000001 0.0
2.4999999849065375 -0.0002747131463086234 6.25 0.0
2.49999996769 -0.00040193282727096085 6.249999999999998 0.0
2.4999999439511136 -0.0005293811740021862 6.249999999999999 0.0
2.49999991367344 -0.0006569876672150843 6.250000000000002 0.0
2.4999998768550897 -0.0007846811686255908 6.25 0.0
2.499999833508909 -0.0009123899533919226 6.249999999999999 0.0
2.499999783662625 -0.0010400417444306072 6.250000000000001 0.0
2.4999997273589636 -0.0011675637485987441 6.249999999999999 0.0
2.4999996646557383 -0.0012948826947231542 6.249999999999997 0.0
2.4999995956258982 -0.0014219248734484338 6.250000000000001 0.0
2.49999952035754 -0.0015486161788671486 6.25 0.0
2.4999994389538926 -0.001674882151886663 6.25 0.0
2.499999351533254 -0.0018006480252783837 6.250000000000001 0.0
2.4999992582288963 -0.0019258387703465938 6.250000000000002 0.0
2.499999159188931 -0.0020503791451456 6.249999999999999 0.0
2.4999990545761337 -0.002174193744165619 6.249999999999999 0.0
2.4999989445677318 -0.002297207049399829 6.250000000000001 0.0
2.4999988293551483 -0.002419343482697285 6.249999999999999 0.0
2.4999987091437124 -0.0025405274592990496 6.249999999999999 0.0
2.4999985841523227 -0.002660683442447863 6.249999999999999 0.0
2.4999984546130776 -0.0027797359989552243 6.25 0.0
2.499998320770861 -0.0028976098556036797 6.250000000000001 0.0
2.499998182882894 -0.0030142299562566617 6.25 0.0
2.4999980412182445 -0.0031295215195432796 6.250000000000001 0.0
2.4999978960573035 -0.0032434100969812073 6.250000000000002 0.0
2.4999977476912214 -0.0033558216313972072 6.250000000000002 0.0
2.499997596421312 -0.0034666825155018053 6.250000000000001 0.0
2.4999974425584224 -0.003575919650472517 6.249999999999999 0.0
2.49999728642227 -0.003683460504398433 6.250000000000001 0.0
2.499997128340747 -0.003789233170438363 6.250000000000001 0.0
2.4999969686492003 -0.003893166424544636 6.25 0.0
2.499996807689682 -0.003995189782605626 6.25 0.0
2.499996645810173 -0.004095233556861574 6.25 0.0
2.4999964833637858 -0.004193228911450729 6.25 0.0
2.4999963207079476 -0.004289107916945967 6.249999999999999 0.0
2.499996158203562 -0.004382803603745998 6.249999999999999 0.0
2.499995996214156 -0.00447425001418995 6.249999999999999 0.0
2.499995835105013 -0.00456338225326947 6.25 0.0
2.499995675242295 -0.004650136537818679 6.249999999999999 0.0
2.4999955169921577 -0.004734450244068956 6.25 0.0
2.4999953607198546 -0.004816261953463004 6.25 0.0
2.4999952067888427 -0.004895511496630575 6.250000000000002 0.0
2.499995055559884 -0.004972139995436717 6.250000000000001 0.0
2.499994907390151 -0.005046089903022484 6.249999999999999 0.0
2.499994762632336 -0.005117305041767363 6.25 0.0
2.4999946216337623 -0.00518573063911257 6.25 0.0
2.499994484735513 -0.005251313361194493 6.250000000000002 0.0
2.499994352271563 -0.005314001344247916 6.249999999999999 0.0
2.4999942245679323 -0.0053737442237493036 6.249999999999999 0.0
2.4999941019418475 -0.005430493161281155 6.249999999999999 0.0
2.4999939847009287 -0.00548420086910925 6.25 0.0
2.4999938731423916 -0.005534821632475467 6.25 0.0
2.499993767552275 -0.005582311329619644 6.249999999999999 0.0
2.4999936682046906 -0.005626627449554608 6.250000000000001 0.0
2.4999935753610973 -0.005667729107629083 6.250000000000001 0.0
2.499993489269607 -0.005705577058923421 6.249999999999999 0.0
2.499993410164314 -0.005740133709533147 6.249999999999999 0.0
2.4999933382646584 -0.005771363125805009 6.25 0.0
2.4999932737748165 -0.005799231041599493 6.249999999999999 0.0
2.49999321688313 -0.005823704863662637 6.249999999999999 0.0
2.499993167761559 -0.005844753675198412 6.249999999999999 0.0
2.499993126565179 -0.005862348237740759 6.250000000000001 0.0
2.499993093431703 -0.005876460991431735 6.25 0.0
2.4999930684810465 -0.005887066053818982 6.250000000000001 0.0
2.499993051814922 -0.005894139217291765 6.25 0.0
2.499993043516474 -0.00589765794528046 6.250000000000002 0.0
2.4999930436499445 -0.005897601367349038 6.250000000000002 0.0
2.499993052260381 -0.005893950273314363 6.249999999999999 0.0
2.4999930693733754 -0.0058866871065294795 6.250000000000001 0.0
2.4999930949948395 -0.0058757959564708934 6.249999999999998 0.0
2.49999312911082 -0.005861262550771802 6.249999999999999 0.0
2.4999931716873443 -0.005843074246844664 6.250000000000001 0.0
2.4999932226703017 -0.005821220023236943 6.249999999999999 0.0
2.499993281985367 -0.005795690470863998 6.25 0.0
2.499993349537947 -0.005766477784262037 6.25 0.0
2.4999934252131712 -0.005733575753002761 6.249999999999999 0.0
2.499993508875911 -0.005696979753409001 6.250000000000001 0.0
2.4999936003708325 -0.005656686740707922 6.25 0.0
2.499993699522485 -0.0056126952417547395 6.249999999999999 0.0
2.4999938061354214 -0.00556500534845586 6.249999999999999 0.0
2.4999939199943464 -0.00551361871201554 6.25 0.0
2.4999940408643035 -0.005458538538124798 6.250000000000002 0.0
2.4999941684908884 -0.0053997695832053985 6.25 0.0
2.499994302600497 -0.005337318151815251 6.25 0.0
2.4999944429006025 -0.005271192095314468 6.249999999999999 0.0
2.499994589080063 -0.005201400811883908 6.249999999999999 0.0
2.499994740809463 -0.00512795524797992 6.25 0.0
2.4999948977414816 -0.005050867901300596 6.249999999999997 0.0
2.499995059511297 -0.004970152825329936 6.250000000000001 0.0
2.4999952257370133 -0.004885825635516946 6.25 0.0
2.499995396020129 -0.00479790351713717 6.250000000000001 0.0
2.4999955699460283 -0.004706405234873911 6.250000000000002 0.0
2.4999957470845073 -0.0046113511441462675 6.249999999999998 0.0
2.4999959269903345 -0.004512763204200235 6.249999999999999 0.0
2.499996109203836 -0.0044106649929684045 6.249999999999999 0.0
2.4999962932515225 -0.004305081723692509 6.25 0.0
2.4999964786467417 -0.004196040263291753 6.25 0.0
2.499996664890371 -0.004083569152448341 6.250000000000002 0.0
2.499996851471538 -0.003967698627369922 6.250000000000001 0.0
2.4999970378683805 -0.003848460643176889 6.249999999999998 0.0
2.4999972235488412 -0.003725888898850676 6.250000000000001 0.0
2.4999974079714926 -0.003600018863667152 6.25 0.0
2.499997590586408 -0.003470887805027566 6.249999999999999 0.0
2.4999977708360603 -0.003338534817587339 6.249999999999999 0.0
2.499997948156264 -0.0032030008535715773 6.249999999999999 0.0
2.499998121977152 -0.0030643287541541908 6.250000000000002 0.0
2.4999982917241894 -0.002922563281766373 6.250000000000002 0.0
2.4999984568192297 -0.0027777511531886785 6.249999999999999 0.0
2.4999986166816077 -0.0026299410732700864 6.250000000000001 0.0
2.4999987707292655 -0.002479183769106865 6.249999999999999 0.0
2.499998918379927 -0.0023255320245035246 6.250000000000002 0.0
2.499999059052299 -0.0021690407145286477 6.250000000000002 0.0
2.4999991921673197 -0.0020097668399687006 6.250000000000002 0.0
2.4999993171494364 -0.0018477695614743635 6.25 0.0
2.4999994334279245 -0.0016831102331857236 6.25 0.0
2.4999995404382362 -0.0015158524356149595 6.249999999999999 0.0
2.499999637623388 -0.001346062007558753 6.25 0.0
2.4999997244353738 -0.0011738070768063428 6.249999999999998 0.0
2.4999998003366146 -0.0009991580894043168 6.250000000000001 0.0
2.499999864801428 -0.0008221878372350784 6.249999999999998 0.0
2.499999917317533 -0.0006429714836626509 6.25 0.0
2.4999999573875646 -0.00046158658699759327 6.250000000000003 0.0
2.4999999845306182 -0.0002781131215318854 6.25 0.0
2.4999999982838075 -9.263349589475053e-05 6.250000000000002 0.0
2.499999998203827 9.476743151792791e-05 6.250000000000001 0.0
2.499999983868534 0.0002840023402850909 6.25 0.0
2.499999954878526 0.00047498143911344474 6.249999999999999 0.0
2.499999910858719 0.0006676124606364655 6.250000000000001 0.0
2.4999998514599198 0.0008618006600874916 6.249999999999998 0.0
2.499999776360389 0.0010574488180660467 6.249999999999998 0.0
2.499999685267383 0.0012544572476070137 6.250000000000001 0.0
2.4999995779186737 0.0014527238057504357 6.250000000000003 0.0
2.4999994540840405 0.0016521439097971701 6.249999999999999 0.0
2.4999993135667293 0.0018526105584209663 6.249999999999999 0.0
2.4999991562048614 0.0020540143577916672 6.250000000000001 0.0
