# Combined NIST impedance reference data (3 systems)
# re(z) im(z) re(|z|^2) im(|z|^2)
2.499999522640656 -0.0015449260475374925 6.25 0.0
2.499999451918179 -0.0016554180148835073 6.25 0.0
2.4999993707179233 -0.0017738122747995944 6.249999999999998 0.0
2.4999992774875723 -0.0019006739900369728 6.25 0.0
2.4999991704448283 -0.002036608742536845 6.25 0.0
2.4999990475433425 -0.0021822654239853695 6.25 0.0
2.4999989064335932 -0.0023383393330536533 6.249999999999998 0.0
2.4999987444179737 -0.0025055754940942767 6.250000000000001 0.0
2.4999985583992173 -0.0026847722131198805 6.250000000000001 0.0
2.4999983448211935 -0.002876784888018225 6.25 0.0
2.4999980996009254 -0.003082530091167051 6.250000000000002 0.0
2.499997818050534 -0.0033029899439065893 6.250000000000001 0.0
2.4999974947876282 -0.0035392168037137045 6.250000000000001 0.0
2.4999971236324097 -0.003792338286405554 6.25 0.0
2.4999966974895407 -0.0040635626472892055 6.249999999999998 0.0
2.499996208212511 -0.0043541845468738506 6.250000000000001 0.0
2.499995646447907 -0.004665591228581675 6.250000000000001 0.0
2.4999950014566203 -0.004999269137840102 6.25 0.0
2.4999942609085646 -0.005356811014020451 6.25 0.0
2.4999934106469848 -0.005739923488914752 6.250000000000002 0.0
2.499992434417854 -0.0061504352278232855 6.249999999999999 0.0
2.4999913135591925 -0.006590305651869407 6.250000000000002 0.0
2.4999900266443573 -0.0070616342828764495 6.25 0.0
2.499988549072512 -0.007566670755043664 6.249999999999999 0.0
2.4999868525984295 -0.00810782554075553 6.250000000000001 0.0
2.499984904792662 -0.008687681441162663 6.249999999999999 0.0
2.49998266842177 -0.009309005895693537 6.25 0.0
2.499980100736761 -0.009974764168406232 6.250000000000002 0.0
2.499977152656172 -0.010688133473079127 6.25 0.0
2.499973767828194 -0.011452518103179344 6.250000000000001 0.0
2.4999698815539375 -0.012271565637348169 6.25 0.0
2.4999654195513097 -0.01314918429581191 6.250000000000001 0.0
2.4999602965359156 -0.014089561528171656 6.249999999999999 0.0
2.4999544145919415 -0.015097183918351877 6.250000000000002 0.0
2.4999476613019587 -0.016176858498095907 6.25 0.0
2.4999399076000444 -0.017333735566285525 6.25 0.0
2.4999310053073276 -0.018573333117522395 6.25 0.0
2.4999207843030873 -0.019901562989828193 6.250000000000001 0.0
2.4999090492776084 -0.02132475884797296 6.25 0.0
2.4998955760051187 -0.022849706125793113 6.249999999999999 0.0
2.499880107066063 -0.024483674057863173 6.250000000000002 0.0
2.4998623469376176 -0.026234449937970264 6.250000000000001 0.0
2.4998419563594925 -0.028110375748919284 6.250000000000001 0.0
2.4998185458684765 -0.030120387315150772 6.249999999999999 0.0
2.4997916683796886 -0.03227405613633072 6.249999999999998 0.0
2.4997608106747546 -0.03458163406627409 6.250000000000001 0.0
2.499725383636883 -0.03705410100704263 6.250000000000002 0.0
2.499684711049723 -0.03970321579249386 6.250000000000002 0.0
2.49963801675055 -0.04254157043855299 6.250000000000001 0.0
2.499584409898356 -0.04558264793853032 6.250000000000001 0.0
2.499522868083339 -0.04884088378028831 6.25 0.0
2.4994522179656 -0.052331731357194676 6.249999999999999 0.0
2.4993711130870127 -0.05607173143561329 6.25 0.0
2.4992780084506463 -0.0600785858269883 6.25 0.0
2.4991711314062206 -0.06437123539089273 6.249999999999998 0.0
2.499048448317156 -0.06896994246492717 6.250000000000001 0.0
2.498907626414312 -0.07389637777584199 6.25 0.0
2.4987459901628464 -0.0791737118309957 6.250000000000001 0.0
2.49856047138126 -0.084826710716934 6.25 0.0
2.498347552255311 -0.09088183613844286 6.249999999999999 0.0
2.4981032002838632 -0.09736734941200782 6.249999999999999 0.0
2.4978227940791706 -0.10431341897629988 6.25 0.0
2.4975010388212073 -0.11175223079201539 6.250000000000002 0.0
2.497131870035915 -0.11971810076565509 6.25 0.0
2.496708344233024 -0.12824758803655023 6.25 0.0
2.4962225148041566 -0.13737960760175638 6.250000000000001 0.0
2.495665291451845 -0.1471555403054087 6.25 0.0
2.4950262813028545 -0.15761933767164998 6.250000000000001 0.0
2.494293609765997 -0.1688176183948562 6.249999999999999 0.0
2.4934537191407995 -0.1807997524968299 6.25 0.0
2.492491142989571 -0.19361792819504392 6.25 0.0
2.491388254379111 -0.20732719537438637 6.250000000000002 0.0
2.490124986315313 -0.22198547819206813 6.25 0.0
2.4886785230807096 -0.23765354774717376 6.25 0.0
2.487022961800339 -0.25439494389210754 6.249999999999999 0.0
2.485128944479189 -0.2722758331393961 6.250000000000001 0.0
2.482963262065374 -0.2913647872232965 6.250000000000001 0.0
2.480488433906612 -0.31173246423098866 6.25 0.0
2.4776622684114806 -0.33345117137307206 6.249999999999997 0.0
2.474437413946878 -0.35659428551210137 6.25 0.0
2.4707609131564228 -0.3812355046666559 6.25 0.0
2.4665737791303637 -0.4074479010947961 6.249999999999999 0.0
2.461810618338186 -0.4353027445782501 6.249999999999998 0.0
2.456399333047557 -0.4648680636519548 6.25 0.0
2.4502609451062223 -0.4962069133810636 6.25 0.0
2.443309593318042 -0.52937532167643 6.249999999999999 0.0
2.435452767835891 -0.564419893023357 6.25 0.0
2.426591856337198 -0.6013750599733831 6.249999999999999 0.0
2.4166230871303593 -0.6402599899638667 6.249999999999999 0.0
2.4054389621228554 -0.6810751790377624 6.249999999999999 0.0
2.3929302755297326 -0.7237987955593722 6.25 0.0
2.3789888094901657 -0.7683828761239817 6.249999999999998 0.0
2.363510782114983 -0.8147495215256161 6.25 0.0
2.3464010935171373 -0.8627872903222327 6.249999999999998 0.0
2.327578368158159 -0.9123480367064983 6.25 0.0
2.3069807257849737 -0.9632444813528058 6.25 0.0
2.284572129150852 -1.015248829946208 6.250000000000002 0.0
2.2603490589639983 -1.0680927542309084 6.25 0.0
2.2343471638362806 -1.1214690149338808 6.25 0.0
2.2066474387266237 -1.1750349276345922 6.25 0.0
2.1773814163950513 -1.2284177496020967 6.25 0.0
2.146734830796207 -1.281221903592965 6.25 0.0
2.114949244669154 -1.3330377685847372 6.25 0.0
2.0823212343170523 -1.383451581050926 6.249999999999999 0.0
2.0491988901991522 -1.4320558328523938 6.250000000000001 0.0
2.015975606917282 -1.4784594523741585 6.25 0.0
1.9830813729835726 -1.522297036759117 6.25 0.0
1.9509719946213555 -1.5632364748185634 6.25 0.0
1.9201168639567021 -1.6009844561235065 6.25 0.0
1.8909859833817637 -1.6352895800602725 6.249999999999998 0.0
1.8640369717972556 -1.6659430265687116 6.250000000000002 0.0
1.8397027087411513 -1.6927769916472966 6.25 0.0
1.8183801379383335 -1.7156612934817195 6.25 0.0
1.800420581199746 -1.7344986972587697 6.25 0.0
1.7861217384042298 -1.7492195790122669 6.25 0.0
1.7757213974554533 -1.7597765536052725 6.249999999999998 0.0
1.7693927693634661 -1.7661396399277955 6.25 0.0
1.7672413074260687 -1.7682924422524118 6.25 0.0
1.7693028652879241 -1.7662297050168596 6.250000000000002 0.0
1.7755430875131322 -1.7599564609342848 6.249999999999999 0.0
1.7858579933739276 -1.7494888474930181 6.25 0.0
1.721478687979857 -1.6591070996972974 5.716125241434828 0.0
1.6595201554755883 -1.5665433694826656 5.208065274899824 0.0
1.6043591880289052 -1.47708393046037 4.755745341837024 0.0
1.5553791365575784 -1.3910085051262429 4.354108919772143 0.0
1.5119889836399651 -1.3085102136395803 3.9983096658477146 0.0
1.4736303197979617 -1.229708218609375 3.6837686223432855 0.0
1.4397817490539213 -1.154659628346547 3.406210342242155 0.0
1.4099612283693177 -1.0833703923975817 3.1616820726284054 0.0
1.3837267998027274 -1.0158050511245098 2.9465597583823655 0.0
1.3606761152712572 -0.9518952960040457 2.7575441452243092 0.0
1.340445090619573 -0.8915473639209435 2.591649743080499 0.0
1.3227059642064454 -0.8346483323805003 2.4461889064928526 0.0
1.3071649789341093 -0.7810714084562859 2.3187528272596967 0.0
1.293559857345492 -0.7306803170315627 2.2071908302330345 0.0
1.2816571976743263 -0.6833328973341385 2.1095890209294756 0.0
1.271249884365994 -0.6388840139654444 2.024249051801151 0.0
1.2621545789659987 -0.5971878819235638 1.9496675475211898 0.0
1.254209335558721 -0.5580998962362057 1.8845165515815119 0.0
1.2472713682286016 -0.5214780469700384 1.8276252194745335 0.0
1.2412149854342456 -0.48718399039200694 1.7779628805608134 0.0
1.2359296969371176 -0.45508383745557235 1.7346235148843654 0.0
1.2313184923163931 -0.425048711883836 1.6968116369944237 0.0
1.227296285543662 -0.39695512208404465 1.6638295414580289 0.0
1.223788517102072 -0.37068518401212375 1.6350658402369902 0.0
1.2207299033234218 -0.3461267259025931 1.6099852072520595 0.0
1.2180633216734273 -0.3231733004380178 1.5881192377221047 0.0
1.2157388203971955 -0.30172412537985516 1.569058327257003 0.0
1.2137127410568251 -0.28168396983551447 1.5524444766659669 0.0
1.2119469429088254 -0.26296300010899076 1.537964931852369 0.0
1.210408118674209 -0.2454765963917464 1.5253465731285145 0.0
1.2090671919701785 -0.22914514931983848 1.5143509741554637 0.0
1.2078987874423965 -0.2138938435833067 1.5047700570276519 0.0
1.206880765420686 -0.19965243426315754 1.496422276449625 0.0
1.2059938136908903 -0.1863550203364628 1.4891492722653015 0.0
1.2052210897132383 -0.17393981878508588 1.482812935648554 0.0
1.2045479073114516 -0.16234894192912475 1.4772928399539036 0.0
1.2039614625006605 -0.1515281799490985 1.4724839925054156 0.0
1.2034505937131195 -0.14142679003328887 1.4682948684475798 0.0
1.2030055722184996 -0.13199729316518868 1.4646456921916964 0.0
1.2026179190215294 -0.12319527923125878 1.4614669359765415 0.0
1.2022802449565189 -0.11497922086511062 1.458698008643455 0.0
1.2019861110889378 -0.10731029623751039 1.4562861109292906 0.0
1.2017299068822886 -0.1001522208413422 1.454185236434767 0.0
1.2015067438975982 -0.09347108819788531 1.4523552999603053 0.0
1.201312363066603 -0.08723521931811169 1.4507613771461445 0.0
1.2011430538215604 -0.08141502068421928 1.4493730413367958 0.0
1.2009955835778978 -0.07598285046736898 1.4481637853387619 0.0
1.2008671362536565 -0.07091289266364341 1.4471105172799834 0.0
1.2007552586747272 -0.0661810388083469 1.4461931211327628 0.0
1.2006578138597583 -0.061764776916334814 1.4453940736500186 0.0
1.2005729403056946 -0.05764308729097335 1.4446981105066958 0.0
1.2004990165062317 -0.0537963448448954 1.4440919353511004 0.0
1.200434630032955 -0.05020622758058564 1.4435639662702309 0.0
1.2003785505942002 -0.046855630886890015 1.4431041148724413 0.0
1.2003297065612482 -0.04372858731795038 1.4427035938022357 0.0
1.2002871645166255 -0.040810191533107845 1.4423547490363298 0.0
1.2002501114362045 -0.038086530089470216 1.4420509137768776 0.0
1.2002178391665086 -0.035544615792658316 1.4417862811653708 0.0
1.2001897309020093 -0.03317232632540342 1.4415557933964767 0.0
1.2001652494050685 -0.030958346887911787 1.4413550451215627 0.0
1.2001439267442107 -0.02889211659803492 1.4411801993025277 0.0
1.2001253553552205 -0.02696377841314776 1.4410279139128075 0.0
1.2001091802546917 -0.02516413234912317 1.4408952780884723 0.0
1.2000950922575582 -0.023484591784831206 1.4407797565119773 0.0
1.2000828220692366 -0.021917142653122296 1.4406791409677402 0.0
1.200072135139666 -0.020454305331248788 1.4405915081452605 0.0
1.2000628271810327 -0.01908909905511124 1.4405151828844691 0.0
1.200054720263625 -0.017815008692585555 1.440448706161724 0.0
1.2000476594152705 -0.016625953721488243 1.440390807205218 0.0
1.2000415096594323 -0.015516259267480449 1.440340379207345 0.0
1.2000361534353845 -0.014480629066411994 1.4402964581701527 0.0
1.2000314883511987 -0.013514120224276768 1.4402582044798293 0.0
1.2000274252266143 -0.012612119656113838 1.4402248868582375 0.0
1.2000238863884016 -0.011770322092861621 1.4401958683848932 0.0
1.200020804185649 -0.010984709552381261 1.440170594322322 0.0
1.2000181196966055 -0.010251532177629696 1.4401485815121655 0.0
1.2000157816023664 -0.009567290351305331 1.4401294091394046 0.0
1.2000137452058783 -0.008928718002234968 1.4401127106882021 0.0
1.2000119715775173 -0.008332767024337991 1.440098166935642 0.0
2.4925720592785163 -0.1925734387293733 6.249999999999999 0.0
2.491477828443218 -0.20624798271950506 6.25 0.0
2.490223456947463 -0.2208780986621957 6.249999999999998 0.0
2.488785840321503 -0.2365270407695261 6.249999999999999 0.0
2.4871386450723185 -0.25326144631157743 6.25 0.0
2.4852518901965155 -0.2711513272596068 6.25 0.0
2.4830914848398615 -0.29027000863983776 6.25 0.0
2.4806187209273998 -0.3106939995952769 6.249999999999998 0.0
2.477789720886072 -0.3325027805467517 6.250000000000001 0.0
2.474554842435502 -0.3557784869536165 6.249999999999997 0.0
2.4708580449821276 -0.38060546704835563 6.249999999999998 0.0
2.4666362255902308 -0.4070696876530837 6.249999999999999 0.0
2.461818537012696 -0.43525795894006036 6.249999999999999 0.0
2.456325706045427 -0.4652569460206203 6.25 0.0
2.4500693777145814 -0.49715193289907317 6.250000000000001 0.0
2.4429515196688993 -0.5310253031140948 6.250000000000001 0.0
2.4348639317011265 -0.5669547019832654 6.250000000000001 0.0
2.4256879174866914 -0.6050108486292436 6.249999999999999 0.0
2.4152941890956354 -0.6452549729532181 6.250000000000001 0.0
2.4035430889568197 -0.6877358646514731 6.25 0.0
2.3902852276200046 -0.7324865395497604 6.25 0.0
2.3753626471714377 -0.7795205542015549 6.25 0.0
2.358610627124795 -0.8288280338007287 6.25 0.0
2.3398602489279043 -0.8803715212835121 6.25 0.0
2.318941823180337 -0.9340818062167009 6.249999999999999 0.0
2.2956892562291378 -0.9898539482338337 6.250000000000001 0.0
2.2699453862694248 -1.0475437667964773 6.25 0.0
2.2415682508919 -1.1069651198630552 6.25 0.0
2.2104381580570105 -1.1678883291674473 6.250000000000001 0.0
2.17646532433133 -1.230040118038154 6.249999999999997 0.0
2.139597726369878 -1.2931053976040956 6.249999999999998 0.0
2.0998286979220113 -1.3567311595828968 6.250000000000002 0.0
2.05720371363044 -1.4205326045625024 6.25 0.0
2.011825753553524 -1.484101457899289 6.25 0.0
1.9638586581274164 -1.5470162154605829 6.250000000000002 0.0
1.9135279750990786 -1.6088538431172736 6.25 0.0
1.8611189692097607 -1.6692022592986144 6.250000000000002 0.0
1.8069716988085063 -1.7276727930094578 6.25 0.0
1.7514733332571324 -1.7839117587171036 6.25 0.0
1.6950481526373098 -1.8376103396097996 6.25 0.0
1.6381458957198762 -1.8885121191922818 6.249999999999998 0.0
1.581229268483384 -1.936417826940122 6.250000000000002 0.0
1.5247614728927776 -1.981187131691968 6.25 0.0
1.4691945618050672 -2.0227375854426635 6.25 0.0
1.4149592862628597 -2.061041052045907 6.25 0.0
1.3624569045591992 -2.0961181224394214 6.25 0.0
1.3120532023934552 -2.128031107406346 6.250000000000001 0.0
1.2640747623493485 -2.1568762123013547 6.25 0.0
1.2188073433945388 -2.1827754487549895 6.249999999999999 0.0
1.1764961013565098 -2.2058687457536843 6.25 0.0
1.1373473033124883 -2.2263066077357383 6.25 0.0
1.1015311582883172 -2.244243549020471 6.25 0.0
1.0691853941855896 -2.2598324258360853 6.250000000000001 0.0
1.0404192449113443 -2.273219697877464 6.25 0.0
1.0153175609937075 -2.28454158428727 6.25 0.0
0.9939448120261996 -2.2939210340912357 6.250000000000001 0.0
0.9763488030458352 -2.3014654059513835 6.250000000000001 0.0
0.9625639748809307 -2.3072647429936217 6.250000000000001 0.0
0.9526141982571192 -2.311390531537011 6.250000000000001 0.0
0.9465150023744524 -2.3138948442572085 6.250000000000001 0.0
0.9442752013066403 -2.314809785748562 6.25 0.0
0.9458978972280216 -2.3141471794204462 6.25 0.0
0.951380849885783 -2.3118984576470063 6.250000000000001 0.0
0.9607162088698207 -2.3080347410762254 6.25 0.0
0.9738896111544247 -2.3025071173148377 6.250000000000001 0.0
0.99087865318708 -2.295247153283968 6.25 0.0
1.0116507565523474 -2.286167698741075 6.25 0.0
1.0361604609309056 -2.275164059843477 6.249999999999999 0.0
1.0643461994940377 -2.262115639754652 6.250000000000001 0.0
1.096126641413463 -2.2468881560913623 6.25 0.0
1.1313967245152805 -2.2293365496838056 6.250000000000001 0.0
1.1700235478380703 -2.209308692216734 6.250000000000002 0.0
1.2118423469282171 -2.186649977978074 6.250000000000002 0.0
1.2566528299635897 -2.1612088434356593 6.249999999999998 0.0
1.3042162036031548 -2.1328431949533875 6.249999999999999 0.0
1.354253254676869 -2.101427639058054 6.25 0.0
1.4064438663857035 -2.0668613041774315 6.25 0.0
1.4604283239420768 -2.0290759252989368 6.25 0.0
1.5158106946071914 -1.9880437465293523 6.25 0.0
1.572164445583191 -1.943784698994232 6.249999999999999 0.0
1.6290402926475989 -1.896372253786325 6.25 0.0
1.6859760652920528 -1.845937351933247 6.25 0.0
1.7425081534816214 -1.7926698901499047 6.250000000000002 0.0
1.7981838982464473 -1.7368173962991076 6.250000000000001 0.0
1.852574137407934 -1.6786807514852993 6.25 0.0
1.9052850487393451 -1.618607081119538 6.25 0.0
1.9559684637665151 -1.5569802082078175 6.25 0.0
2.0043299568821897 -1.494209297235377 6.25 0.0
2.0501342284719923 -1.4307164796868552 6.249999999999999 0.0
2.0932075642071504 -1.3669243187338387 6.25 0.0
2.1334374247666563 -1.3032439351882739 6.25 0.0
2.170769461661048 -1.2400644920002362 6.25 0.0
2.205202435620725 -1.1777445469763046 6.249999999999999 0.0
2.236781618461534 -1.1166055665778312 6.249999999999999 0.0
2.2655912866529366 -1.0569276805166425 6.249999999999999 0.0
2.2917468763620823 -0.998947573541594 6.25 0.0
2.315387284293427 -0.9428582734071483 6.249999999999999 0.0
2.3366676872200447 -0.8888105082084292 6.249999999999999 0.0
2.355753134845839 -0.8369152691067372 6.249999999999999 0.0
2.372813060235276 -0.7872472173192523 6.250000000000003 0.0
2.388016758823442 -0.7398486058501312 6.250000000000001 0.0
2.401529815282858 -0.6947334354322396 6.250000000000001 0.0
2.413511407647743 -0.6518916207117659 6.250000000000003 0.0
2.4241123878465047 -0.6112929993784615 6.249999999999998 0.0
2.4334740235609136 -0.5728910687506471 6.250000000000001 0.0
2.4417272840954776 -0.5366263785015817 6.249999999999999 0.0
2.4489925589111565 -0.5024295437151222 6.25 0.0
2.455379708440528 -0.4702238694265819 6.25 0.0
2.4609883602545426 -0.43992759710168006 6.250000000000001 0.0
2.4659083777895217 -0.4114557963468838 6.249999999999999 0.0
2.4702204424696244 -0.3847219328361383 6.250000000000001 0.0
2.473996702460603 -0.3596391472212998 6.250000000000002 0.0
2.4773014521100865 -0.336121280750353 6.250000000000001 0.0
2.480191815260732 -0.31408368234226336 6.25 0.0
2.4827184131175377 -0.29344382966274096 6.25 0.0
2.4849260033533556 -0.2741217938404778 6.250000000000003 0.0
2.4868540818355775 -0.25604057424112514 6.249999999999998 0.0
2.4885374419532122 -0.23912632644057152 6.25 0.0
2.490006689211299 -0.22330850338262237 6.250000000000001 0.0
2.491288710715473 -0.20851992677352343 6.25 0.0
2.492407100547154 -0.19469680311224125 6.249999999999998 0.0
2.493382542959303 -0.18177869640252312 6.250000000000001 0.0
2.4942331559109405 -0.16970846753933516 6.25 0.0
2.4949747977920653 -0.15843218859323338 6.249999999999999 0.0
2.49562134033774 -0.1478990387083738 6.249999999999999 0.0
2.4961849107445184 -0.13806118705625503 6.250000000000002 0.0
2.496676105925092 -0.12887366721994883 6.25 0.0
2.4971041816993016 -0.12029424649525701 6.25 0.0
2.497477219544633 -0.1122832928605578 6.250000000000001 0.0
2.497802273334143 -0.10480364176299778 6.249999999999999 0.0
2.498085498286541 -0.0978204643747012 6.249999999999998 0.0
2.4983322641505583 -0.09130113857090827 6.249999999999999 0.0
2.4985472544495066 -0.08521512355699176 6.250000000000001 0.0
2.4987345534258236 -0.07953383880996984 6.250000000000001 0.0
2.4988977221516313 -0.07423054779124524 6.25 0.0
2.499039865111041 -0.06928024672149925 6.250000000000001 0.0
2.4991636884134842 -0.064659558578074 6.250000000000002 0.0
2.499271550664554 -0.06034663237327767 6.250000000000001 0.0
2.4993655074011714 -0.05632104769342062 6.249999999999999 0.0
2.4994473498906205 -0.05256372441857893 6.249999999999998 0.0
2.499518638997248 -0.049056837498404136 6.250000000000001 0.0
2.4995807347354257 -0.0457837366267583 6.249999999999999 0.0
2.4996348220518634 -0.042728870635075814 6.25 0.0
2.499681933313515 -0.03987771640914701 6.250000000000002 0.0
2.4997229679183683 -0.03721671212484216 6.249999999999999 0.0
2.4997587093944302 -0.034733194593838876 6.250000000000001 0.0
2.49978984030651 -0.03241534050960413 6.250000000000001 0.0
2.499816955250263 -0.030252111385862458 6.249999999999998 0.0
2.4998405721777015 -0.02823320198385773 6.249999999999999 0.0
2.499861142267503 -0.026348992030341037 6.249999999999998 0.0
2.4998790585264024 -0.024590501034949187 6.250000000000002 0.0
2.4998946632842576 -0.022949346023125487 6.25 0.0
2.499908254724694 -0.021417702008710206 6.249999999999998 0.0
2.49992009257511 -0.019988265038568896 6.25 0.0
2.4999304030640266 -0.018654217649971556 6.249999999999999 0.0
2.4999393832399415 -0.01740919658975239 6.249999999999999 0.0
2.4999472047337923 -0.016247262652475468 6.25 0.0
2.4999540170366057 -0.015162872502830525 6.249999999999998 0.0
2.499959950354729 -0.014150852355232885 6.25 0.0
2.499965118097022 -0.013206373391069313 6.250000000000001 0.0
2.4999696190414085 -0.01232492880118722 6.25 0.0
2.4999735392220948 -0.01150231234805888 6.249999999999999 0.0
2.499976953573432 -0.010734598348553304 6.250000000000003 0.0
2.4999799273617915 -0.010018122984419245 6.249999999999999 0.0
2.4999825174327834 -0.009349466853423388 6.250000000000001 0.0
2.4999847732975993 -0.008725438679605483 6.25 0.0
2.499986738079245 -0.008143060106317507 6.249999999999999 0.0
2.4999884493367146 -0.007599551500615012 6.250000000000001 0.0
2.4999899397828433 -0.00709231870218003 6.249999999999998 0.0
2.4999912379095686 -0.006618940654286553 6.250000000000003 0.0
2.499992368532511 -0.0061771578583871565 6.250000000000002 0.0
2.4999933532653156 -0.005764861597714297 6.249999999999997 0.0
2.4999942109327886 -0.0053800838788655835 6.25 0.0
2.4999949579307286 -0.005020988043693051 6.25 0.0
2.499995608539342 -0.0046858600069533286 6.25 0.0
2.4999961751962156 -0.004373100078112046 6.25 0.0
2.4999966687340693 -0.004081215328442521 6.250000000000001 0.0
2.4999970985878344 -0.0038088124671286005 6.25 0.0
2.4999974729750134 -0.0035545911924838003 6.249999999999999 0.0
2.4999977990527675 -0.0033173379866444585 6.249999999999999 0.0
2.499998083054735 -0.0030959203241938613 6.250000000000003 0.0
2.4999983304101945 -0.00288928126713531 6.250000000000001 0.0
2.4999985458478604 -0.002696434420464597 6.25 0.0
2.499998733486274 -0.002516459224303812 6.250000000000002 0.0
2.499998896912538 -0.0023484965601573544 6.25 0.0
2.499999039250893 -0.0021917446503439205 6.25 0.0
2.4999991632224394 -0.002045455231052687 6.25 0.0
2.4999992711971597 -0.0019089299807736753 6.250000000000001 0.0
2.499999365239222 -0.0017815171870680404 6.25 0.0
2.499999447146444 -0.0016626086357789417 6.250000000000002 0.0
2.4999995184846586 -0.0015516367078431187 6.249999999999998 0.0
2.4999995806176525 -0.0014480716698525983 6.249999999999999 0.0
2.499999634733232 -0.001351419145439215 6.25 0.0
2.4999996818659347 -0.0012612177554167017 6.250000000000001 0.0
2.4999997229168045 -0.0011770369154195611 6.249999999999999 0.0
2.49999975867062 -0.0010984747805290575 6.250000000000002 0.0
2.499999789810892 -0.0010251563270776518 6.25 0.0
2.499999816932937 -0.0009567315624774394 6.250000000000002 0.0
2.499999840555251 -0.0008928738545289293 6.250000000000001 0.0
2.499999861129427 -0.0008332783722364693 6.250000000000001 0.0
0.19999986048107865 -0.0001446645040594988 0.03999996512026966 0.0
0.19999983981086727 -0.00015501078752164926 0.03999995995271682 0.0
0.1999998160782962 -0.0001660970250701033 0.03999995401957404 0.0
0.19999978882966812 -0.00017797613657440114 0.039999947207417036 0.0
0.19999975754406923 -0.00019070482643558003 0.03999993938601731 0.0
0.19999972162341173 -0.00020434385419318283 0.03999993040585293 0.0
0.1999996803809999 -0.0002189583244720632 0.039999920095249976 0.0
0.1999996330284034 -0.00023461799764897182 0.039999908257100855 0.0
0.1999995786603851 -0.0002513976227168717 0.03999989466509627 0.0
0.1999995162375966 -0.00026937729392972773 0.03999987905939915 0.0
0.19999944456670998 -0.0002886428329226059 0.0399998611416775 0.0
0.1999993622776064 -0.00030928619812176393 0.0399998405694016 0.0
0.19999926779718546 -0.00033140592338752004 0.03999981694929636 0.0
0.1999991593192948 -0.0003551075879695695 0.03999978982982369 0.0
0.19999903477020525 -0.0003805043200006115 0.03999975869255131 0.0
0.19999889176897212 -0.00040771733591021255 0.03999972294224303 0.0
0.19999872758192472 -0.0004368765183073448 0.039999681895481184 0.0
0.19999853907041482 -0.0004681210350575598 0.0399996347676037 0.0
0.19999832263082634 -0.0005016000024699048 0.039999580657706583 0.0
0.19999807412569937 -0.0005374731957100028 0.03999951853142484 0.0
0.19999778880465324 -0.0005759118097698026 0.03999944720116331 0.0
0.1999974612135994 -0.0006170992745518496 0.039999365303399856 0.0
0.19999708509050917 -0.000661232127867066 0.03999927127262729 0.0
0.19999665324574717 -0.0007085209504003158 0.03999916331143679 0.0
0.19999615742468624 -0.0007591913669678205 0.03999903935617156 0.0
0.19999558814998186 -0.0008134851186749369 0.03999889703749547 0.0
0.1999949345404971 -0.0008716612108818666 0.039998733635124274 0.0
0.19999418410342473 -0.0009339971421983216 0.03999854602585618 0.0
0.1999933224956425 -0.0010007902200553892 0.03999833062391062 0.0
0.19999233324975396 -0.0010723589687428468 0.03999808331243849 0.0
0.1999911974595961 -0.0011490446361514537 0.03999779936489903 0.0
0.1999898934192254 -0.0012312128058200803 0.03999747335480635 0.0
0.19998839620851377 -0.0013192551212539122 0.03999709905212844 0.0
0.19998667721747387 -0.0014135911298482785 0.03999666930436847 0.0
0.19998470360027631 -0.0015146702541174828 0.03999617590006908 0.0
0.19998243764859536 -0.0016229738982822797 0.03999560941214884 0.0
0.19997983607239977 -0.0017390176986042027 0.03999495901809994 0.0
0.19997684917456765 -0.0018633539261580713 0.03999421229364191 0.0
0.19997341990371592 -0.0019965740509908787 0.03999335497592897 0.0
0.1999694827673581 -0.0021393114768069096 0.03999237069183952 0.0
0.19996496258490754 -0.0022922444554219035 0.03999124064622688 0.0
0.19995977305707263 -0.002456099190213461 0.039989943264268156 0.0
0.1999538151248036 -0.0026316531376238254 0.039988453781200896 0.0
0.19994697508708925 -0.0028197385153984765 0.03998674377177231 0.0
0.19993912244250478 -0.0030212460256124384 0.0399847806106262 0.0
0.19993010741440959 -0.0032371287995750504 0.03998252685360239 0.0
0.1999197581140177 -0.003468406570325642 0.03997993952850442 0.0
0.19990787728912301 -0.0037161700765294004 0.03997696932228076 0.0
0.19989423859898264 -0.00398158569902219 0.03997355964974566 0.0
0.19987858234764233 -0.004265900327872633 0.03996964558691058 0.0
0.19986061059874094 -0.004570446453430611 0.03996515264968523 0.0
0.19983998158446237 -0.004896647469170644 0.0399599953961156 0.0
0.19981630330972072 -0.005246023166920701 0.03995407582743018 0.0
0.1997891262397919 -0.005620195395933085 0.03994728155994797 0.0
0.19975793494538202 -0.006020893845769698 0.0399394837363455 0.0
0.1997221385635235 -0.006449961898615394 0.03993053464088087 0.0
0.1996810599157306 -0.006909362478771548 0.03992026497893265 0.0
0.19963392310662165 -0.007401183804965478 0.03990848077665541 0.0
0.1995798394069161 -0.00792764492384731 0.03989495985172902 0.0
0.19951779120466878 -0.008491100869580092 0.039879447801167194 0.0
0.19944661378834228 -0.009094047253528153 0.03986165344708557 0.0
0.19936497470561604 -0.009739124038284192 0.03984124367640401 0.0
0.19927135042382604 -0.010429118190011959 0.039817837605956516 0.0
0.19916400000320106 -0.011166964830480566 0.03979100000080026 0.0
0.19904093548479868 -0.011955746423200941 0.039760233871199674 0.0
0.1988998886941865 -0.012798689424579533 0.039724972173546626 0.0
0.19873827417339335 -0.013699157708759737 0.03968456854334834 0.0
0.19855314798260054 -0.014660641931704986 0.039638286995650134 0.0
0.19834116216612002 -0.01568674383429778 0.03958529054153 0.0
0.19809851476287438 -0.016781154294679208 0.039524628690718586 0.0
0.1978208953704914 -0.017947623726832 0.03945522384262285 0.0
0.1975034264573493 -0.019189923187541466 0.039375856614337325 0.0
0.19714060087426016 -0.020511794302320155 0.03928515021856504 0.0
0.19672621636554577 -0.021916885861885456 0.03918155409138644 0.0
0.19625330833917176 -0.02340867468958711 0.03906332708479294 0.0
0.19571408275030472 -0.024990368160214382 0.038928520687576185 0.0
0.19509985170537275 -0.026664785596076903 0.03877496292634319 0.0
0.1944009753252955 -0.028434215725033237 0.03860024383132387 0.0
0.19360681453119583 -0.030300247521795855 0.038401703632798954 0.0
0.19270570073475402 -0.03226357215213356 0.0381764251836885 0.0
0.19168492990749436 -0.03432375450373342 0.03792123247687359 0.0
0.19053079011374785 -0.036478974040780376 0.03763269752843697 0.0
0.18922863321697353 -0.03872573659828157 0.03730715830424339 0.0
0.1877630029389758 -0.04105856137375145 0.03694075073474395 0.0
0.1861178325143708 -0.043469650892839246 0.0365294581285927 0.0
0.18427672549185775 -0.04594855617930712 0.03606918137296444 0.0
0.18222333234702376 -0.04848185469948591 0.035555833086755945 0.0
0.1799418329696153 -0.05105286465947714 0.03498545824240382 0.0
0.1774175302271057 -0.05364142545543004 0.034354382556776426 0.0
0.1746375522103888 -0.056223779760533076 0.033659388052597196 0.0
0.17159165017308964 -0.05877259679602761 0.03289791254327241 0.0
0.16827306571927825 -0.0612571774019586 0.03206826642981956 0.0
0.16467942521632728 -0.06364387805988797 0.031169856304081818 0.0
0.1608136032281677 -0.06589678158920491 0.030203400807041925 0.0
0.15668448233326565 -0.06797862590015319 0.02917112058331641 0.0
0.15230752705622733 -0.06985197897034424 0.028076881764056837 0.0
0.14770508811490993 -0.07148061956708388 0.02692627202872748 0.0
0.14290636263683096 -0.07283105228622133 0.02572659065920774 0.0
0.13794695796106582 -0.07387405687759671 0.024486739490266453 0.0
0.13286804045241543 -0.07458615112364463 0.023217010113103856 0.0
0.1277150930623358 -0.07495083901907207 0.02192877326558395 0.0
0.12253635030201326 -0.07495952527975087 0.020634087575503317 0.0
0.11738101941585326 -0.07461200395953987 0.019345254853963316 0.0
0.112297424493153 -0.07391647025861589 0.018074356123288247 0.0
0.10733122057702946 -0.07288905427910566 0.016832805144257362 0.0
0.10252381544924341 -0.07155292536326052 0.015630953862310854 0.0
0.09791110957317337 -0.06993705752634564 0.014477777393293341 0.0
0.09352262498385744 -0.0680747740509884 0.013380656245964358 0.0
0.0893810490383263 -0.06600219945115376 0.012345262259581574 0.0
0.08550217635082431 -0.0637567402474328 0.011375544087706078 0.0
0.08189519791427582 -0.06137569581805609 0.010473799478568956 0.0
0.07856326383529387 -0.05889507224182235 0.009640815958823466 0.0
0.07550423607094583 -0.056348641093457975 0.008876059017736459 0.0
0.07271154860826119 -0.053767256309521394 0.008177887152065298 0.0
0.070175101845115 -0.05117841871635432 0.007543775461278749 0.0
0.0678821322037325 -0.048606061128300744 0.006970533050933125 0.0
0.06581801416545822 -0.04607051717400291 0.006454503541364556 0.0
0.06396696756466488 -0.043588633286068185 0.005991741891166221 0.0
0.062312656562300436 -0.04117398417355193 0.005578164140575108 0.0
0.060838677460222264 -0.038837156048642504 0.005209669365055566 0.0
0.05952894025550129 -0.036586067511175345 0.004882235063875322 0.0
0.05836795381795039 -0.03442630421049009 0.004591988454487597 0.0
0.05734102727323517 -0.032361449435383646 0.004335256818308793 0.0
0.05643440113161992 -0.030393398161778416 0.004108600282904979 0.0
0.05563532144035616 -0.028522646586831422 0.0039088303600890405 0.0
0.0549320692027159 -0.02674855274191496 0.0037330173006789747 0.0
0.05431395585004611 -0.02506956645877165 0.003578488962511526 0.0
0.053771293931293755 -0.02348342887607877 0.0034428234828234386 0.0
0.053295350570431194 -0.02198734295413243 0.0033238376426077973 0.0
0.05287828974272983 -0.02057811725028242 0.0032195724356824575 0.0
0.05251310809285566 -0.019252285621244373 0.003128277023213916 0.0
0.052193567883564766 -0.01800620566568391 0.0030483919708911905 0.0
0.05191412972306296 -0.016836138686252576 0.00297853243076574 0.0
0.051669886958133744 -0.0157383137999951 0.002917471739533436 0.0
0.051456503018292084 -0.014708978608371078 0.0028641257545730203 0.0
0.05127015253030104 -0.013744438587840717 0.002817538132575259 0.0
0.05110746666939386 -0.012841087102938744 0.002776866667348464 0.0
0.05096548295223547 -0.011995427691594118 0.0027413707380588674 0.0
0.05084159948831798 -0.011204090036632126 0.002710399872079494 0.0
0.05073353357517428 -0.010463840823055058 0.0026833833937935695 0.0
0.05063928443528753 -0.009771590489983082 0.0026598211088218813 0.0
0.05055709983812916 -0.009124396719220955 0.002639274959532289 0.0
0.050485446320803706 -0.008519465358235426 0.002621361580200926 0.0
0.05042298270858367 -0.007954149352117352 0.0026057456771459166 0.0
0.05036853663697325 -0.007425946154746565 0.0025921341592433115 0.0
0.05032108378587073 -0.006932494001660605 0.0025802709464676824 0.0
0.050279729550916155 -0.006471567353877016 0.002569932387729038 0.0
0.050243692894998936 -0.006041071761100573 0.0025609232237497333 0.0
0.05021229214254731 -0.005639038342511039 0.0025530730356368284 0.0
0.050184932499478356 -0.005263618042030579 0.0025462331248695884 0.0
0.05016109510175572 -0.004913075781172914 0.0025402737754389292 0.0
0.05014032741484764 -0.004585784605036318 0.00253508185371191 0.0
0.05012223482465992 -0.004280219894658216 0.0025305587061649794 0.0
0.050106473277541044 -0.003994953700898936 0.002526618319385261 0.0
0.05009274284262405 -0.0037286492405090785 0.0025231857106560117 0.0
0.05008078208405882 -0.0034800555834235487 0.0025201955210147043 0.0
0.05007036314362571 -0.0032480025510881476 0.002517590785906427 0.0
0.050061287445864126 -0.0030313958383223908 0.0025153218614660314 0.0
0.05005338194827641 -0.002829212365493047 0.0025133454870691014 0.0
0.05004649586846658 -0.0026404958633185877 0.002511623967116645 0.0
0.05004049782833911 -0.002464352689199595 0.002510124457084776 0.0
0.05003527336280775 -0.0022999478713739752 0.002508818340701936 0.0
0.050030722746941265 -0.00214650137526379 0.0025076806867353153 0.0
0.05002675910118609 -0.0020032845849795758 0.002506689775296522 0.0
0.05002330673933838 -0.0018696169919687193 0.002505826684834595 0.0
0.05002029972836278 -0.0017448630821485767 0.002505074932090694 0.0
0.05001768063304146 -0.00162842941248129 0.002504420158260365 0.0
0.05001539942184609 -0.0015197618677674476 0.002503849855461522 0.0
0.05001341251341311 -0.0014183430884135895 0.002503353128353278 0.0
0.05001168194561911 -0.0013236900600263556 0.002502920486404777 0.0
0.05001017465154231 -0.0012353518558741406 0.0025025436628855766 0.0
0.050008861828598504 -0.0011529075235112444 0.0025022154571496254 0.0
0.050007718388889504 -0.0010759641071607102 0.0025019295972223752 0.0
0.05000672248033105 -0.0010041547977854472 0.002501680620082762 0.0
0.0500058550694622 -0.0009371372031307126 0.0025014637673655502 0.0
0.0500050995780037 -0.0008745917303855756 0.0025012748945009242 0.0
0.05000444156624996 -0.0008162200744791979 0.00250111039156249 0.0
0.050003868457266794 -0.0007617438053943968 0.002500967114316698 0.0
0.050003369296641065 -0.0007109030482416619 0.0025008423241602656 0.0
0.05000293454320365 -0.0006634552501885123 0.0025007336358009113 0.0
0.05000255588673566 -0.0006191740286797455 0.0025006389716839147 0.0
0.05000222608918128 -0.0005778480957119518 0.0025005565222953187 0.0
0.05000193884633773 -0.0005392802532398345 0.0025004847115844327 0.0
0.05000168866738318 -0.0005032864550916104 0.002500422166845794 0.0
0.05000147076994283 -0.00046969493105596257 0.002500367692485707 0.0
0.05000128098869014 -0.0004383453690734809 0.002500320247172534 0.0
0.05000111569573771 -0.0004090881517215459 0.002500278923934427 0.0
0.05000097173129765 -0.0003817836434233888 0.0025002429328244125 0.0
0.050000846343286956 -0.000356301525040099 0.0025002115858217384 0.0
0.05000073713472422 -0.00033252017271905623 0.002500184283681055 0.0
0.0500006420179128 -0.0003103260780741733 0.0025001605044782 0.0
0.05000055917453498 -0.0002896133069630791 0.002500139793633744 0.0
0.050000487020894664 -0.0002702829943044344 0.0025001217552236663 0.0
0.05000042417764451 -0.0002522428725456137 0.002500106044411128 0.0
0.05000036944341885 -0.00023540683154753072 0.002500092360854713 0.0
0.05000032177186863 -0.00021969450780006053 0.0025000804429671578 0.0
0.050000280251659424 -0.00020503090101882987 0.0025000700629148557 0.0
0.05000024408905023 -0.00019134601630265487 0.0025000610222625577 0.0
0.0500002125927201 -0.00017857453015115957 0.002500053148180024 0.0
0.05000018516055256 -0.00016665547875454922 0.0025000462901381393 0.0
