# re(S) im(S) re(|S|^2) im(|S|^2)
1.0 0.1 1.01 0.0
0.9019345307206975 0.39612048146678985 0.9703973335438463 0.0
0.7208211980009948 0.6424673613211125 0.9323475098505021 0.0
0.47736495273599566 0.8172590427665453 0.8957896410843292 0.0
0.19746505716582263 0.9064616804114621 0.8606652268558732 0.0
-0.0904837418035959 0.9048374180359595 0.8269180606087615 0.0
-0.3584246336815713 0.8161041120147909 0.794494139677219 0.0
-0.5813285083901713 0.6522259916648073 0.7633415788702828 0.0
-0.7394865621234207 0.43193767129449623 0.733410527444428 0.0
-0.8202004464520446 0.17867377247824615 0.7046530893317413 0.0
-0.8187307530779818 -0.0818730753077981 0.6770232464959955 0.0
-0.738441537563993 -0.3243160201009176 0.6504767852939729 0.0
-0.5901584822739276 -0.5260077865624583 0.6249712257242024 0.0
-0.39083336724657697 -0.6691151115440441 0.6004657534498963 0.0
-0.16167071495996083 -0.7421480542396093 0.576921154487303 0.0
0.07408182206817165 -0.7408182206817179 0.5542997524549668 0.0
0.2934532702558126 -0.6681695342199074 0.532565348283479 0.0
0.4759515274599847 -0.5339974773327613 0.5116831622892455 0.0
0.6054403898983559 -0.3536406549016928 0.4916197785195714 0.0
0.6715233291985794 -0.14628571229639858 0.47234309128000834 0.0
0.6703200460356393 0.06703200460356377 0.4538222537583938 0.0
0.6045847961538308 0.26552749937247805 0.43602762866337047 0.0
0.4831808986274916 0.4306587512171637 0.4189307407983972 0.0
0.3199872970937935 0.547825119170313 0.4025042314953593 0.0
0.13236478620982456 0.6076194353429543 0.3867218148348631 0.0
-0.06065306597126316 0.6065306597126334 0.37155823558315676 0.0
-0.24025921694973795 0.5470509459356293 0.3569892287783681 0.0
-0.389676152505929 0.43720015675839424 0.34299148090138853 0.0
-0.49569266636530784 0.2895364797066536 0.3295425925692698 0.0
-0.5497968010241864 0.11976861139297948 0.3166210426914313 0.0
-0.5488116360940264 -0.05488116360940244 0.304206154031324 0.0
-0.494992165454524 -0.21739552952414226 0.2922780601184411 0.0
-0.39559506100618225 -0.3525935637036516 0.28081767345772607 0.0
-0.26198344072498947 -0.4485212723733455 0.2698066549855088 0.0
-0.10837112109457578 -0.49747671788315495 0.25922738472309137 0.0
0.04965853037914161 -0.4965853037914094 0.24906293358102252 0.0
0.1967076096271851 -0.4478874329379001 0.23929703626894303 0.0
0.3190398497977098 -0.35794921358861187 0.2299140652676509 0.0
0.4058388300285013 -0.2370524200737764 0.22089900582173688 0.0
0.45013554894239743 -0.09805824540087829 0.21223743191277233 0.0
0.44932896411722156 0.044932896411721934 0.20391548317460192 0.0
0.4052653083902832 0.17798840560308832 0.19591984271380083 0.0
0.3238858422115218 0.28867919394154 0.18823771579980406 0.0
0.21449389971873153 0.36721815910172373 0.18085680939060814 0.0
0.08872676958566725 0.40729948787123826 0.17376531246128105 0.0
-0.04065696597405969 0.4065696597405991 0.16695187710380238 0.0
-0.16105056936623485 0.36669921526341104 0.16040560036798987 0.0
-0.2612077364867656 0.2930640292050751 0.1541160068144527 0.0
-0.33227273093752197 0.19408210640596113 0.1480730317516537 0.0
-0.3685398169727799 0.08028330110256669 0.14226700513025548 0.0
-0.36787944117144233 -0.03678794411714401 0.13668863606897882 0.0
-0.33180317113475716 -0.14572458135856572 0.13132899798721018 0.0
-0.2651752995051357 -0.2363505338537018 0.12617951432056826 0.0
-0.17561275204734966 -0.3006527999452647 0.12123194479657129 0.0
-0.07264333488104996 -0.3334686164330952 0.11647837224844315 0.0
0.033287108369808326 -0.3328710836980795 0.11191118994595721 0.0
0.1318570539408552 -0.30022792466571746 0.10752308942304532 0.0
0.21385880680360456 -0.23994053333113885 0.10330704878269281 0.0
0.27204190322775496 -0.15890098913671358 0.09925632146040517 0.0
0.30173488188934555 -0.06573040757129137 0.09536442542826538 0.0
0.30119421191220214 0.03011942119121999 0.09162513282230664 0.0
0.27165746017682263 0.11930919623767117 0.0880324599766011 0.0
0.21710717266151913 0.19350745057242427 0.08458065784811791 0.0
0.14377956073382356 0.2461536933141904 0.08126420281702776 0.0
0.0594753322732581 0.2730210114601407 0.07807778784773273 0.0
-0.02725317930340153 0.2725317930340126 0.07501631399647724 0.0
-0.10795542507164041 0.24580583485660248 0.0720748822519499 0.0
-0.1750927819466738 0.19644669354813593 0.06924878569582069 0.0
-0.22272907229842723 0.13009712650073774 0.06653350197066699 0.0
-0.2470396270791599 0.05381550609096521 0.06392468604323712 0.0
-0.24659696394160638 -0.02465969639416131 0.06141816325147013 0.0
-0.2224143169498219 -0.09768210808479721 0.05900992262414583 0.0
-0.17775231897179702 -0.1584305007333613 0.056696110462475066 0.0
-0.11771674803682551 -0.20153359870005327 0.05447302417335957 0.0
-0.04869428358164783 -0.22353069831887334 0.052337106344453106 0.0
0.022313016014842382 -0.22313016014842987 0.050284939051542576 0.0
0.08838642646775778 -0.2012487962831082 0.04831323838914034 0.0
0.14335384522171907 -0.1608369493483449 0.046418849215534644 0.0
0.18235514109525158 -0.1065145183532305 0.0445987401038898 0.0
0.2022589399186244 -0.04406040982912868 0.042849998491316495 0.0
0.2018965179946554 0.02018965179946534 0.04116982601814987 0.0
0.1820974412116523 0.07997534591451146 0.039555534049976936 0.0
0.14553128997313655 0.12971192317594712 0.03800453937524796 0.0
0.09637832177008061 0.16500175503421072 0.03651436007158688 0.0
0.039867507467395355 0.18301145697065832 0.035082611534185945 0.0
-0.018268352405272952 0.18268352405273472 0.03370700265992935 0.0
-0.07236468550381897 0.16476857853690655 0.03238533218113937 0.0
-0.11736820165500203 0.13168215666273606 0.031115485143078582 0.0
-0.14929976199655698 0.08720671182507896 0.029895429519570926 0.0
-0.16559561419632965 0.036073612520327064 0.02872321296132635 0.0
-0.16529888822158656 -0.01652988882215847 0.027596959671765488 0.0
-0.14908877517678965 -0.06547827518826005 0.026514867405344842 0.0
-0.11915094263611666 -0.10619914054503608 0.02547520458357949 0.0
-0.07890789596321018 -0.135092011158348 0.024476307524148026 0.0
-0.03264075441212215 -0.14983710798748587 0.023516577778645974 0.0
0.014956861922263595 -0.14956861922263504 0.02259447957472725 0.0
0.059247193458793014 -0.13490110238911016 0.02170853735854083 0.0
0.09609295612840825 -0.10781223129141469 0.02085733343352969 0.0
0.12223630657380453 -0.07139881684600147 0.020039505691813994 0.0
0.13557822191737184 -0.0295345759450112 0.019253745434527764 0.0
0.13533528323661273 0.013533528323661104 0.018498795277621525 0.0
0.12206356517596693 0.053609077555131474 0.01777344713977963 0.0
0.0975525409944189 0.08694850231467216 0.01707654030923233 0.0
0.06460432108575853 0.11060398403049317 0.016406959586369372 0.0
0.026723989440870677 0.12267624826162109 0.015763633499182656 0.0
-0.012245642825298253 0.1224564282529819 0.015145532588682483 0.0
-0.04850749931827485 0.1104476811500859 0.014551667761543475 0.0
-0.07867425833650175 0.08826918931623697 0.013981088707344297 0.0
-0.10007862333464204 0.05845640708520368 0.013432882377868209 0.0
-0.11100205973138365 0.024180865605297478 0.012906171526031122 0.0
-0.11080315836233384 -0.011080315836233633 0.012400113302099123 0.0
-0.09993719463990255 -0.04389140043852906 0.011913897904949075 0.0
-0.07986926535303153 -0.07118741277909388 0.011446747286214061 0.0
-0.052893544454634504 -0.0905548831387109 0.010997913905239985 0.0
-0.021879752000171736 -0.10043881712401855 0.01056667953286106 0.0
0.010025884372280766 -0.10025884372280366 0.010152354102079911 0.0
0.03971458144678054 -0.09042691316372681 0.009754274603813153 0.0
0.06441303477569502 -0.07226869984246635 0.009371804025935392 0.0
0.081937446649779 -0.04786005819510218 0.009004330333923949 0.0
0.0908807999570828 -0.019797618307103013 0.008651265491473041 0.0
0.09071795328941253 0.009071795328941118 0.008312044519510231 0.0
0.08182165462802844 0.03593523933468387 0.00798612459210938 0.0
0.06539142377027289 0.05828332407430046 0.007672984167853341 0.0
0.04330557148430691 0.07414006766704528 0.007372122155256469 0.0
0.017913625832260388 0.08223234838220937 0.007083057110911279 0.0
-0.008208499862389902 0.0820849986238988 0.0068053264690763225 0.0
-0.03251554917609974 0.0740352947130552 0.006538485801472299 0.0
-0.05273693246994322 0.05916860704598891 0.006282108106102 0.0
-0.06708470740086064 0.03918450148843182 0.006035783123956002 0.0
-0.07440690578919186 0.016208918945724633 0.005799116682510744 0.0
-0.07427357821433386 -0.007427357821433534 0.00557173006496838 0.0
-0.06698990491169236 -0.02942128556252299 0.0053532594042291085 0.0
-0.0535379696282768 -0.04771834981124026 0.005143355100626183 0.0
-0.03545560315381875 -0.06070075343429263 0.004941681262491871 0.0
-0.014666436368003508 -0.06732615251833729 0.00474791516865911 0.0
0.0067205512739752235 -0.06720551273974973 0.004561746752038793 0.0
0.026621480063692055 -0.0606149725947701 0.004382878103446283 0.0
0.043177348436139434 -0.048443158205337525 0.004211022994883153 0.0
0.0549243130103228 -0.03208155641260888 0.004045906421511321 0.0
0.06091922201098753 -0.013270740415012885 0.0038872641615866443 0.0
0.06081006262521792 0.006081006262522124 0.0037348423536477586 0.0
0.05484669529697238 0.02408811128512661 0.003588397090283576 0.0
0.043833182192025345 0.039068480476595155 0.003447694027829385 0.0
0.029028592670960286 0.0496975735716592 0.0033125080113670085 0.0
0.012007862492546019 0.05512199155318131 0.003182622714428885 0.0
-0.005502322005640724 0.05502322005640723 0.003057830292829573 0.0
-0.021795824420596903 0.049627342160317445 0.0029379310520707093 0.0
-0.03535062300103073 0.039661903398931955 0.002822733127787213 0.0
-0.044968224153232296 0.0262661568416092 0.0027120521787233585 0.0
-0.04987644051398056 0.010865163293886093 0.0026057110917474514 0.0
-0.04978706836786397 -0.004978706836786127 0.0025035396984330223 0.0
-0.04490467614432872 -0.01972167749269809 0.0024053745027530393 0.0
-0.03588757426588118 -0.0319865664422153 0.0023110584194513907 0.0
-0.023766601538289158 -0.04068893183647303 0.0022204405226729567 0.0
-0.009831206301378896 -0.04513006965549432 0.0021333758044500416 0.0
0.004504920239355614 -0.045049202393557815 0.0020497249426586913 0.0
0.017844911741830904 -0.04063143122017532 0.001969354078073572 0.0
0.02894264219140982 -0.03247242003831362 0.0018921346001646478 0.0
0.03681686802555544 -0.021504910371394962 0.0018179429412928973 0.0
0.0408353757028605 -0.008895643325918468 0.0017466603789757275 0.0
0.04076220397836622 0.004076220397836542 0.0016781728459056735 0.0
0.03676483931636908 0.01614674386555791 0.0016123707474183695 0.0
0.0293822607048468 0.02618838563161394 0.0015491487861177078 0.0
0.019458447575547683 0.03331327980441429 0.0014884057933775346 0.0
0.008049110938792816 0.036949375915504665 0.0014300445674502703 0.0
-0.0036883167401239904 0.036883167401239994 0.0013739717179233714 0.0
-0.014610178028999452 0.03326620228153031 0.0013200975162747505 0.0
-0.02369623123743944 0.02658616891223315 0.0012683357522879932 0.0
-0.03014310208453562 0.017606731463246813 0.0012186035960976209 0.0
-0.03343317790142528 0.007283136759342472 0.0011708214656436376 0.0
-0.0333732699603261 -0.00333732699603242 0.0011249128993232513 0.0
-0.030100504580281913 -0.01321983576480541 0.0010808044336360007 0.0
-0.024056160434012902 -0.021441236690067797 0.0010384254856264773 0.0
-0.01593122943725669 -0.027274606661765587 0.000997708239936542 0.0
-0.006590054660526392 -0.030251590369062515 0.0009585875402862815 0.0
0.0030197383422317318 -0.03019738342231851 0.0009210007852100613 0.0
0.011961802060286006 -0.027236062846001833 0.000884887827880824 0.0
0.019400833246138862 -0.02176691409497101 0.0008501908798623345 0.0
0.024679084669778376 -0.014415172510145773 0.0008168544186353524 0.0
0.027372770921024032 -0.005962928043746495 0.0007848250987497572 0.0
0.027323722447292566 0.002732372244729196 0.0007540516664604461 0.0
0.02464420878304141 0.010823486091286454 0.0007244848777104067 0.0
0.01969551834830407 0.017554599862182527 0.000696077419329721 0.0
0.013043387474623205 0.022330559252093117 0.000668783833324399 0.0
0.005395480415037752 0.02476790736466919 0.0006425604441338902 0.0
-0.002472352647033927 0.024723526470339388 0.0006173652887408681 0.0
-0.009793495208987792 0.022299002244786287 0.0005931580495214507 0.0
-0.015884058813951676 0.017821241969159293 0.0005698999897284006 0.0
-0.020205525576962965 0.0118021450449806 0.0005475538915040647 0.0
-0.022410929350001104 0.004882032567806309 0.0005260839963238624 0.0
-0.022370771856165587 -0.0022370771856165864 0.0005054559477750165 0.0
-0.020176971615950473 -0.008861520918448088 0.00048563673657896407 0.0
-0.01612532656956826 -0.01437249076514728 0.0004665946477694679 0.0
-0.010679022449786371 -0.018282715593118583 0.0004482992099419027 0.0
-0.004417445743421436 -0.020278247448841286 0.0004307211464925103 0.0
0.002024191144580355 -0.020241911445804398 0.0004138323287695846 0.0
0.008018235707720117 -0.018256878900761518 0.000397605731061629 0.0
0.013004767434681562 -0.014590798858194776 0.00038201538735045204 0.0
0.016542885171963215 -0.009662779100612721 0.0003670363497599984 0.0
0.01834851706390384 -0.003997070200791361 0.00035264464863442465 0.0
