-3.0 0.049787068367863944
-2.987975951903808 0.05038932399173614
-2.975951903807615 0.050998864877592566
-2.963927855711423 0.05161577915253416
-2.9519038076152304 0.052240156009702665
-2.9398797595190382 0.05287208572117593
-2.9278557114228456 0.053511659651019644
-2.9158316633266534 0.05415897026849644
-2.903807615230461 0.054814111161435294
-2.8917835671342687 0.055477177049762204
-2.879759519038076 0.056148263799194915
-2.867735470941884 0.056827468435102974
-2.8557114228456912 0.05751488915653579
-2.843687374749499 0.05821062535041998
-2.8316633266533064 0.05891477760592892
-2.8196392785571143 0.05962744772902564
-2.8076152304609217 0.060348738757182094
-2.7955911823647295 0.06107875497427607
-2.7835671342685373 0.06181760192566863
-2.7715430861723447 0.06256538643346381
-2.7595190380761525 0.06332221661195274
-2.74749498997996 0.06408820188324497
-2.7354709418837677 0.06486345299308847
-2.723446893787575 0.0656480820268814
-2.711422845691383 0.06644220242587706
-2.6993987975951903 0.06724592900358553
-2.687374749498998 0.068059377962373
-2.6753507014028055 0.06888266691026255
-2.6633266533066133 0.0697159148779376
-2.6513026052104207 0.0705592423359515
-2.6392785571142285 0.07141277121214491
-2.627254509018036 0.07227662490927433
-2.6152304609218437 0.07315092832285328
-2.603206412825651 0.07403580785920992
-2.591182364729459 0.07493139145376257
-2.579158316633267 0.07583780858951678
-2.567134268537074 0.07675519031578572
-2.5551102204408815 0.07768366926713731
-2.5430861723446894 0.07862337968257041
-2.531062124248497 0.0795744574249231
-2.5190380761523046 0.08053704000051563
-2.5070140280561124 0.08151126657903092
-2.49498997995992 0.08249727801363581
-2.4829659318637276 0.0834952168613453
-2.470941883767535 0.0845052274036337
-2.458917835671343 0.08552745566729437
-2.44689378757515 0.08656204944555262
-2.434869739478958 0.08760915831943315
-2.4228456913827654 0.08866893367938682
-2.4108216432865732 0.08974152874717815
-2.3987975951903806 0.09082709859803856
-2.3867735470941884 0.09192580018308652
-2.3747494989979963 0.0930377923520199
-2.3627254509018036 0.0941632358760822
-2.350701402805611 0.0953022934713067
-2.338677354709419 0.09645512982204191
-2.3266533066132267 0.09762191160476169
-2.314629258517034 0.09880280751216308
-2.3026052104208414 0.09999798827755584
-2.2905811623246493 0.10120762669954689
-2.278557114228457 0.10243189766702372
-2.2665330661322645 0.10367097818443952
-2.2545090180360723 0.1049250473974043
-2.2424849699398797 0.10619428661858596
-2.2304609218436875 0.10747887935392406
-2.218436873747495 0.10877901132916133
-2.2064128256513027 0.11009487051669549
-2.19438877755511 0.11142664716275649
-2.182364729458918 0.11277453381491191
-2.1703406813627257 0.11413872534990567
-2.158316633266533 0.11551941900183312
-2.1462925851703405 0.11691681439065685
-2.1342685370741483 0.11833111355106785
-2.122244488977956 0.11976252096169558
-2.1102204408817635 0.12121124357467136
-2.098196392785571 0.12267749084554924
-2.0861723446893787 0.12416147476358912
-2.0741482965931866 0.1256634098824061
-2.062124248496994 0.1271835133509905
-2.0501002004008018 0.1287220049451029
-2.038076152304609 0.1302791070990497
-2.026052104208417 0.1318550449378419
-2.0140280561122244 0.13345004630974425
-2.002004008016032 0.13506434181921684
-1.9899799599198398 0.13669816486025627
-1.9779559118236474 0.13835175165013924
-1.965931863727455 0.14002534126357488
-1.9539078156312626 0.14171917566727008
-1.9418837675350702 0.14343349975491285
-1.9298597194388778 0.14516856138257894
-1.9178356713426854 0.14692461140456675
-1.905811623246493 0.14870190370966568
-1.8937875751503006 0.15050069525786328
-1.8817635270541082 0.15232124611749634
-1.8697394789579158 0.15416381950285152
-1.8577154308617234 0.15602868181222063
-1.845691382765531 0.1579161026664164
-1.8336673346693386 0.15982635494775416
-1.8216432865731462 0.1617597148395049
-1.8096192384769538 0.16371646186582586
-1.7975951903807614 0.16569687893217389
-1.7855711422845693 0.1677012523662077
-1.7735470941883769 0.16972987195918524
-1.7615230460921845 0.17178303100786121
-1.749498997995992 0.173861026356892
-1.7374749498997997 0.17596415844175317
-1.7254509018036073 0.17809273133217646
-1.7134268537074149 0.1802470527761118
-1.7014028056112225 0.18242743424422156
-1.68937875751503 0.18463419097491263
-1.6773547094188377 0.18686764201991352
-1.6653306613226453 0.1891281102904027
-1.653306613226453 0.19141592260369486
-1.6412825651302605 0.19373140973049208
-1.629258517034068 0.19607490644270642
-1.6172344689378757 0.19844675156186106
-1.6052104208416833 0.200847288008077
-1.593186372745491 0.20327686284965216
-1.5811623246492985 0.2057358273532405
-1.5691382765531063 0.20822453703463772
-1.557114228456914 0.21074335171018188
-1.5450901803607215 0.2132926355487752
-1.5330661322645291 0.2158727571245354
-1.5210420841683367 0.2184840894700842
-1.5090180360721444 0.2211270101304798
-1.496993987975952 0.22380190121780255
-1.4849699398797596 0.22650914946640024
-1.4729458917835672 0.22924914628880208
-1.4609218436873748 0.23202228783230883
-1.4488977955911824 0.2348289750362676
-1.43687374749499 0.23766961369003947
-1.4248496993987976 0.24054461449166836
-1.4128256513026052 0.24345439310725941
-1.4008016032064128 0.2463993702310758
-1.3887775551102204 0.2493799716463626
-1.376753507014028 0.2523966282869062
-1.3647294589178356 0.2554497762993384
-1.3527054108216432 0.2585398571061946
-1.340681362725451 0.261667317469734
-1.3286573146292586 0.2648326095565326
-1.3166332665330662 0.268036191002857
-1.3046092184368738 0.2712785249808293
-1.2925851703406814 0.2745600802653923
-1.280561122244489 0.2778813313020846
-1.2685370741482966 0.2812427582756358
-1.2565130260521042 0.2846448471793914
-1.2444889779559118 0.2880880898855775
-1.2324649298597194 0.29157298421641503
-1.220440881763527 0.29510003401609525
-1.2084168336673347 0.2986697492236247
-1.1963927855711423 0.30228264594655235
-1.1843687374749499 0.30593924653558785
-1.1723446893787575 0.3096400796601229
-1.160320641282565 0.313385680384666
-1.1482965931863727 0.3171765902462016
-1.1362725450901803 0.3210133573324855
-1.124248496993988 0.3248965363612868
-1.1122244488977957 0.328826688760589
-1.1002004008016033 0.3328043827497609
-1.088176352705411 0.3368301934217091
-1.0761523046092185 0.34090470282602514
-1.0641282565130261 0.3450285000531376
-1.0521042084168337 0.34920218131948266
-1.0400801603206413 0.35342635005370465
-1.028056112224449 0.3577016169838993
-1.0160320641282565 0.362028600225913
-1.0040080160320641 0.366407925372709
-0.9919839679358717 0.37084022558481583
-0.9799599198396796 0.37532614168186906
-0.9679358717434869 0.3798663222352609
-0.9559118236472948 0.3844614236619097
-0.9438877755511021 0.3891121103191655
-0.93186372745491 0.3938190546008609
-0.9198396793587174 0.3985829370345272
-0.9078156312625252 0.4034044463797829
-0.8957915831663326 0.4082842797279159
-0.8837675350701404 0.41322314260266724
-0.8717434869739478 0.4182217490622362
-0.8597194388777556 0.42328082180251786
-0.847695390781563 0.42840109226159084
-0.8356713426853708 0.4335833007254672
-0.8236472945891782 0.43882819643512383
-0.811623246492986 0.44413653769482603
-0.7995991983967938 0.44950909198176386
-0.7875751503006012 0.4549466360570132
-0.775551102204409 0.4604499560778387
-0.7635270541082164 0.46601984771135746
-0.7515030060120242 0.4716571162495747
-0.7394789579158316 0.4773625767258137
-0.7274549098196395 0.48313705403255175
-0.7154308617234468 0.4889813830406838
-0.7034068136272547 0.49489640872022633
-0.691382765531062 0.5008829862624844
-0.6793587174348699 0.5069419812036927
-0.6673346693386772 0.5130742695501566
-0.6553106212424851 0.5192807379049021
-0.6432865731462925 0.5255622835958632
-0.6312625250501003 0.5319198148056147
-0.6192384769539077 0.5383542507026784
-0.6072144288577155 0.5448665215744148
-0.5951903807615229 0.551457568961525
-0.5831663326653307 0.5581283457941761
-0.5711422845691385 0.5648798165297777
-0.5591182364729459 0.5717129572924211
-0.5470941883767537 0.5786287560140067
-0.5350701402805611 0.58562821257708
-0.5230460921843689 0.5927123389593921
-0.5110220440881763 0.5998821593802137
-0.49899799599198413 0.6071387104484129
-0.4869739478957915 0.6144830413123307
-0.47494989979959934 0.6219162138114633
-0.4629258517034067 0.6294393026299854
-0.45090180360721455 0.6370533954521245
-0.4388777555110219 0.6447595931194203
-0.42685370741482975 0.6525590097898818
-0.41482965931863713 0.660452773099073
-0.40280561122244496 0.6684420243231448
-0.39078156312625234 0.6765279185438416
-0.37875751503006017 0.6847116248155001
-0.36673346693386755 0.6929943263340734
-0.35470941883767537 0.7013772206081941
-0.3426853707414832 0.7098615196323115
-0.3306613226452906 0.7184484500619206
-0.3186372745490984 0.7271392533909099
-0.3066132264529058 0.7359351861310588
-0.2945891783567136 0.7448375199936998
-0.282565130260521 0.7538475420735857
-0.2705410821643288 0.7629665550349735
-0.2585170340681362 0.7721958772999659
-0.24649298597194402 0.7815368432391254
-0.2344689378757514 0.7909908033644
-0.22244488977955923 0.8005591245243758
-0.2104208416833666 0.810243190101899
-0.19839679358717444 0.8200444002140813
-0.18637274549098182 0.829964171914731
-0.17434869739478964 0.8400039393992274
-0.16232464929859702 0.8501651542118783
-0.15030060120240485 0.8604492854557811
-0.13827655310621267 0.8708578200052275
-0.12625250501002006 0.8813922627206733
-0.11422845691382788 0.8920541366663101
-0.10220440881763526 0.9028449833302711
-0.09018036072144309 0.9137663628474958
-0.07815631262525047 0.9248198542252967
-0.0661322645290583 0.9360070555716479
-0.054108216432865675 0.9473295843262424
-0.0420841683366735 0.9587890774943368
-0.03006012024048088 0.9703871918834327
-0.018036072144288706 0.9821256043428128
-0.006012024048096087 0.9940060120059833
0.006012024048096087 1.0060301325360401
0.018036072144288706 1.018199704374012
0.03006012024048088 1.0305164869902
0.0420841683366735 1.0429822611385626
0.054108216432865675 1.0555988291141754
0.0661322645290583 1.0683680150138075
0.07815631262525047 1.0812916649996451
0.09018036072144264 1.0943716475662126
0.10220440881763526 1.1076098538105168
0.11422845691382744 1.1210081977054591
0.12625250501002006 1.1345686163765603
0.13827655310621223 1.148293070382025
0.15030060120240485 1.1621835439962027
0.16232464929859702 1.1762420454964682
0.17434869739478964 1.1904706074535818
0.18637274549098182 1.2048712870255538
0.19839679358717444 1.2194461662550702
0.2104208416833666 1.2341973523705105
0.22244488977955923 1.2491269780906125
0.2344689378757514 1.2642372019328167
0.24649298597194402 1.2795302085253475
0.2585170340681362 1.2950082089230603
0.2705410821643288 1.3106734409271206
0.282565130260521 1.3265281694085387
0.2945891783567136 1.3425746866356283
0.3066132264529058 1.3588153126054165
0.31863727454909796 1.375252395379073
0.3306613226452906 1.391888311421388
0.34268537074148275 1.4087254659443602
0.35470941883767537 1.425766293254944
0.36673346693386755 1.4430132571069962
0.37875751503006017 1.460468851057489
0.39078156312625234 1.478135598827022
0.40280561122244496 1.496016054664705
0.41482965931863713 1.5141128037174465
0.42685370741482975 1.532428462403716
0.4388777555110219 1.550965678791821
0.45090180360721455 1.5697271329827667
0.4629258517034067 1.5887155374977404
0.47494989979959934 1.60793363767029
0.4869739478957915 1.6273842120432385
0.49899799599198413 1.6470700727704093
0.5110220440881763 1.6669940660232003
0.5230460921843685 1.687159072402087
0.5350701402805611 1.7075680073530966
0.5470941883767533 1.7282238215893178
0.5591182364729459 1.7491295015175203
0.5711422845691381 1.7702880696699212
0.5831663326653307 1.7917025851411874
0.5951903807615229 1.813376144030711
0.6072144288577155 1.8353118798902488
0.6192384769539077 1.857512964176963
0.6312625250501003 1.8799826067119554
0.6432865731462925 1.9027240561443346
0.6553106212424851 1.9257406004209112
0.6673346693386772 1.9490355672615602
0.6793587174348699 1.9726123246403482
0.691382765531062 1.996474281272466
0.7034068136272547 2.0206248871070667
0.7154308617234468 2.0450676338260485
0.7274549098196395 2.069806055348891
0.7394789579158316 2.094843728343576
0.7515030060120238 2.120184272743709
0.7635270541082164 2.145831352271885
0.7755511022044086 2.1717886749693824
0.7875751503006012 2.1980599937322793
0.7995991983967934 2.2246491068540357
0.811623246492986 2.2515598585746566
0.8236472945891782 2.278796139636482
0.8356713426853708 2.3063618878467187
0.847695390781563 2.334261088646755
0.8597194388777556 2.362497775688385
0.8717434869739478 2.3910760314169806
0.8837675350701404 2.4199999876617397
0.8957915831663326 2.449273826233056
0.9078156312625252 2.4789017795271286
0.9198396793587174 2.5088881311378746
0.93186372745491 2.539237216476254
0.9438877755511021 2.569953423397076
0.9559118236472948 2.6010411928333976
0.9679358717434869 2.632505019438587
0.9799599198396791 2.664349452236161
0.9919839679358717 2.6965790952774817
1.0040080160320644 2.7291986083074034
1.0160320641282565 2.7622127074379765
1.0280561122244487 2.7956261658303077
1.0400801603206409 2.829443814384653
1.052104208416834 2.8636705424388715
1.0641282565130261 2.898311298475316
1.0761523046092183 2.9333710908362933
1.0881763527054105 2.9688549884481596
1.1002004008016035 3.004768121554189
1.1122244488977957 3.0411156824562875
1.1242484969939879 3.0779029262657147
1.13627254509018 3.1151351716628493
1.1482965931863731 3.1528178016661683
1.1603206412825653 3.190956264410511
1.1723446893787575 3.229556073934783
1.1843687374749496 3.2686228109791613
1.1963927855711418 3.3081621237919596
1.2084168336673349 3.34817972894625
1.220440881763527 3.3886814121663518
1.2324649298597192 3.4296730291643445
1.2444889779559114 3.4711605064866737
1.2565130260521045 3.5131498423710132
1.2685370741482966 3.5556471076134746
1.2805611222444888 3.5986584464463376
1.292585170340681 3.64219007742637
1.304609218436874 3.6862482943339065
1.3166332665330662 3.73083946708279
1.3286573146292584 3.7759700426413474
1.3406813627254506 3.8216465459644784
1.3527054108216436 3.8678755809370347
1.3647294589178358 3.9146638313285935
1.376753507014028 3.9620180617598133
1.3887775551102202 4.009945118680446
1.4008016032064123 4.058451931359198
1.4128256513026054 4.107545512885559
1.4248496993987976 4.157232961183741
1.4368737474949898 4.207521460038914
1.448897795591182 4.258418280135818
1.460921843687375 4.309930780109959
1.4729458917835672 4.362066407611508
1.4849699398797593 4.414832700382097
1.4969939879759515 4.468237287344606
1.5090180360721446 4.522287889706161
1.5210420841683367 4.576992322074439
1.533066132264529 4.632358493587531
1.545090180360721 4.68839440905742
1.5571142284569142 4.745108170127324
1.5691382765531063 4.802507976443008
1.5811623246492985 4.86060212683831
1.5931863727454907 4.919399020534968
1.6052104208416837 4.9789071583569795
1.617234468937876 5.039135143959633
1.629258517034068 5.1000916850734415
1.6412825651302603 5.1617855947630895
1.6533066132264524 5.22422579270162
1.6653306613226455 5.287421306460044
1.6773547094188377 5.3513812728125245
1.6893787575150299 5.416114939057392
1.701402805611222 5.481631664354095
1.713426853707415 5.547940921076355
1.7254509018036073 5.615052296181656
1.7374749498997994 5.682975492597347
1.7494989979959916 5.751720330623476
1.7615230460921847 5.821296749352605
1.7735470941883769 5.891714808106784
1.785571142284569 5.9629846878919475
1.7975951903807612 6.035116692869866
1.8096192384769543 6.10812125184792
1.8216432865731464 6.182008919786873
1.8336673346693386 6.256790379326935
1.8456913827655308 6.33247644233223
1.857715430861723 6.409078051453976
1.869739478957916 6.486606281712574
1.8817635270541082 6.565072342098803
1.8937875751503004 6.644487577194447
1.9058116232464926 6.724863468812465
1.9178356713426856 6.8062116376570385
1.9298597194388778 6.8885438450036585
1.94188376753507 6.971871994399607
1.9539078156312621 7.056208133384936
1.9659318637274552 7.141564455234309
1.9779559118236474 7.227953300719873
1.9899799599198396 7.31538715989552
2.0020040080160317 7.403878673902666
2.014028056112225 7.49344063679791
2.026052104208417 7.584085997402773
2.038076152304609 7.675827861175865
2.0501002004008013 7.768679492107642
2.0621242484969935 7.862654314638113
2.0741482965931866 7.957765915597744
2.0861723446893787 8.054028046171808
2.098196392785571 8.151454623888569
2.110220440881763 8.250059734631437
2.122244488977956 8.349857634675512
2.1342685370741483 8.450862752748732
2.1462925851703405 8.553089692117995
2.1583166332665327 8.656553232700478
2.1703406813627257 8.76126833320052
2.182364729458918 8.867250133272307
2.19438877755511 8.974513955708813
2.2064128256513023 9.08307530865712
2.2184368737474953 9.192949887860598
2.2304609218436875 9.304153578928156
2.2424849699398797 9.41670245963102
2.254509018036072 9.530612802227223
2.266533066132265 9.645901075814246
2.278557114228457 9.762583948710088
2.2905811623246493 9.880678290863202
2.3026052104208414 10.000201176291526
2.3146292585170336 10.121169885551025
2.3266533066132267 10.243601908234126
2.338677354709419 10.367514945498318
2.350701402805611 10.492926912625421
2.362725450901803 10.619855941611743
2.3747494989979963 10.748320383789604
2.3867735470941884 10.878338812480532
2.3987975951903806 11.009930025680633
2.410821643286573 11.143113048778364
2.422845691382766 11.277907137305228
2.434869739478958 11.414331779719696
2.44689378757515 11.552406700224886
2.4589178356713424 11.692151861620252
2.4709418837675354 11.833587468187805
2.4829659318637276 11.976733968613201
2.49498997995992 12.121612058942262
2.507014028056112 12.268242685573155
2.519038076152304 12.416647048284828
2.531062124248497 12.56684660330207
2.5430861723446894 12.718863066397597
2.5551102204408815 12.872718416031773
2.5671342685370737 13.0284348965302
2.579158316633267 13.186035021299814
2.591182364729459 13.345541576083816
2.603206412825651 13.506977622256091
2.6152304609218433 13.670366500155364
2.6272545090180364 13.835731832459754
2.6392785571142285 14.003097527602089
2.6513026052104207 14.172487783226634
2.663326653306613 14.343927089687538
2.675350701402806 14.517440233589655
2.687374749498998 14.693052301372127
2.6993987975951903 14.870788682935444
2.7114228456913825 15.05067507531226
2.7234468937875747 15.232737486382653
2.7354709418837677 15.417002238634366
2.74749498997996 15.60349597296842
2.759519038076152 15.79224565255094
2.7715430861723442 15.98327856671142
2.7835671342685373 16.176622334888215
2.7955911823647295 16.372304910621708
2.8076152304609217 16.570354585595876
2.819639278557114 16.770799993728666
2.831663326653307 16.973670115311865
2.843687374749499 17.17899428120102
2.8557114228456912 17.386802177056158
2.8677354709418834 17.597123847633657
2.8797595190380765 17.809989701130153
2.8917835671342687 18.02543051357885
2.903807615230461 18.243477433299226
2.915831663326653 18.464161985400345
2.927855711422846 18.68751607633881
2.9398797595190382 18.913571998531683
2.9519038076152304 19.142362435025426
2.9639278557114226 19.373920464221122
2.9759519038076148 19.608279564656954
2.987975951903808 19.845473619848526
3.0 20.085536923187668
