0.01 0.009950330853168092
0.02 0.01980262729617973
0.03 0.02955880224154443
0.04 0.03922071315328133
0.05 0.04879016416943205
0.060000000000000005 0.058268908123975824
0.06999999999999999 0.06765864847381486
0.08 0.0769610411361284
0.09 0.08617769624105241
0.09999999999999999 0.09531017980432493
0.11 0.10436001532424286
0.12 0.11332868530700327
0.13 0.12221763272424911
0.14 0.1310282624064042
0.15000000000000002 0.13976194237515863
0.16 0.14842000511827322
0.17 0.1570037488096647
0.18000000000000002 0.16551443847757333
0.19 0.17395330712343798
0.2 0.1823215567939546
0.21000000000000002 0.1906203596086497
0.22 0.19885085874516517
0.23 0.20701416938432612
0.24000000000000002 0.2151113796169455
0.25 0.22314355131420976
0.26 0.23111172096338664
0.27 0.23901690047049992
0.28 0.2468600779315258
0.29000000000000004 0.25464221837358075
0.3 0.26236426446749106
0.31 0.2700271372130602
0.32 0.27763173659827955
0.33 0.28517894223366247
0.34 0.29266961396282004
0.35000000000000003 0.30010459245033816
0.36000000000000004 0.3074846997479607
0.37 0.3148107398400336
0.38 0.3220834991691132
0.39 0.32930374714260047
0.4 0.3364722366212129
0.41000000000000003 0.343589704390077
0.42000000000000004 0.35065687161316933
0.43 0.3576744442718159
0.44 0.36464311358790924
0.45 0.371563556432483
0.46 0.37843643572024505
0.47000000000000003 0.3852624007906449
0.48000000000000004 0.3920420877760237
0.49 0.3987761199573678
0.5 0.4054651081081644
0.51 0.412109650826833
0.52 0.41871033485818504
0.53 0.4252677354043441
0.54 0.43178241642553783
0.55 0.4382549309311553
0.56 0.44468582126144574
0.5700000000000001 0.45107561936021673
0.5800000000000001 0.4574248470388755
0.59 0.46373401623214006
0.6 0.47000362924573563
0.61 0.47623417899637155
0.62 0.4824261492442928
0.63 0.4885800148186709
0.64 0.4946962418361071
0.65 0.5007752879124892
0.66 0.506817602368452
0.67 0.5128236264286637
0.68 0.5187937934151676
0.6900000000000001 0.5247285289349821
0.7000000000000001 0.5306282510621705
0.7100000000000001 0.5364933705145685
0.72 0.5423242908253617
0.73 0.5481214085096876
0.74 0.5538851132264376
0.75 0.5596157879354227
0.76 0.5653138090500605
0.77 0.5709795465857378
0.78 0.5766133643039938
0.79 0.5822156198526637
0.8 0.5877866649021191
0.81 0.5933268452777344
0.8200000000000001 0.598836501088704
0.8300000000000001 0.6043159668533296
0.8400000000000001 0.6097655716208943
0.85 0.6151856390902335
0.86 0.6205764877251098
0.87 0.6259384308664954
0.88 0.6312717768418578
0.89 0.6365768290715511
0.9 0.6418538861723947
0.91 0.6471032420585385
0.92 0.6523251860396901
0.93 0.6575200029167942
0.9400000000000001 0.6626879730752367
0.9500000000000001 0.6678293725756556
0.9600000000000001 0.6729444732424258
0.97 0.6780335427498971
0.98 0.6830968447064438
0.99 0.688134638736401
1.0 0.6931471805599453
1.01 0.6981347220709843
1.02 0.7030975114131134
1.03 0.7080357930536961
1.04 0.712949807856125
1.05 0.7178397931503168
1.06 0.7227059828014898
1.07 0.7275486072772779
1.08 0.7323678937132266
1.09 0.7371640659767196
1.1 0.7419373447293773
1.11 0.7466879474879753
1.12 0.7514160886839212
1.1300000000000001 0.7561219797213337
1.1400000000000001 0.7608058290337602
1.1500000000000001 0.7654678421395716
1.1600000000000001 0.7701082216960737
1.17 0.7747271675523681
1.18 0.7793248768009975
1.19 0.7839015438284094
1.2 0.7884573603642703
1.21 0.7929925155296614
1.22 0.797507195884188
1.23 0.8020015854720274
1.24 0.8064758658669485
1.25 0.8109302162163288
1.26 0.8153648132841944
1.27 0.8197798314933114
1.28 0.8241754429663495
1.29 0.8285518175661483
1.3 0.8329091229351039
1.31 0.8372475245337022
1.32 0.8415671856782188
1.33 0.8458682675776092
1.34 0.85015092936961
1.35 0.8544153281560676
1.36 0.8586616190375188
1.37 0.8628899551470398
1.3800000000000001 0.8671004876833833
1.3900000000000001 0.8712933659434193
1.4000000000000001 0.8754687373539001
1.4100000000000001 0.8796267475025636
1.42 0.883767540168595
1.43 0.887891257352457
1.44 0.8919980393051105
1.45 0.8960880245566357
1.46 0.9001613499442714
1.47 0.9042181506398858
1.48 0.9082585601768908
1.49 0.9122827104766164
1.5 0.9162907318741551
1.51 0.9202827531436925
1.52 0.9242589015233319
1.53 0.928219302739429
1.54 0.9321640810304452
1.55 0.9360933591703348
1.56 0.9400072584914712
1.57 0.9439058989071285
1.58 0.9477893989335261
1.59 0.9516578757114463
1.6 0.9555114450274363
1.61 0.9593502213346021
1.62 0.9631743177730056
1.6300000000000001 0.9669838461896731
1.6400000000000001 0.9707789171582248
1.6500000000000001 0.974559639998131
1.6600000000000001 0.9783261227936078
1.6700000000000002 0.9820784724121582
1.68 0.9858167945227652
1.69 0.9895411936137477
1.7 0.9932517730102834
1.71 0.9969486348916096
1.72 1.000631880307906
1.73 1.0043016091968684
1.74 1.007957920399979
1.75 1.0116009116784799
1.76 1.0152306797290584
1.77 1.0188473201992472
1.78 1.0224509277025458
1.79 1.0260415958332743
1.8 1.0296194171811581
1.81 1.0331844833456545
1.82 1.0367368849500223
1.83 1.0402767116551463
1.84 1.0438040521731147
1.85 1.0473189942805592
1.86 1.0508216248317612
1.87 1.0543120297715298
1.8800000000000001 1.0577902941478545
1.8900000000000001 1.0612565021243408
1.9000000000000001 1.0647107369924285
1.9100000000000001 1.0681530811834012
1.9200000000000002 1.0715836162801904
1.93 1.0750024230289759
1.94 1.0784095813505903
1.95 1.0818051703517284
1.96 1.085189268335969
1.97 1.0885619528146082
1.98 1.091923300517313
1.99 1.095273387402595
2.0 1.0986122886681098
2.01 1.1019400787607843
2.02 1.1052568313867783
2.03 1.1085626195212777
2.04 1.1118575154181303
2.05 1.1151415906193203
2.0599999999999996 1.1184149159642893
2.07 1.1216775615991057
2.0799999999999996 1.124929596985483
2.09 1.128171090909654
2.0999999999999996 1.1314021114911004
2.11 1.1346227261911428
2.1199999999999997 1.137833001821391
2.13 1.1410330045520618
2.1399999999999997 1.144222799920162
2.15 1.1474024528375417
2.1599999999999997 1.1505720275988207
2.17 1.1537315878891892
2.1799999999999997 1.1568811967920853
2.19 1.1600209167967532
2.1999999999999997 1.1631508098056809
2.21 1.1662709371419244
2.2199999999999998 1.169381359556317
2.23 1.172482137234565
2.2399999999999998 1.175573329804238
2.25 1.1786549963416462
2.26 1.1817271953786161
2.27 1.184789984909162
2.28 1.1878434223960523
2.29 1.1908875647772805
2.3 1.1939224684724346
2.31 1.1969481893889715
2.32 1.199964782928397
2.3299999999999996 1.2029723039923523
2.34 1.205970806988609
2.3499999999999996 1.2089603458369749
2.36 1.2119409739751128
2.3699999999999997 1.2149127443642702
2.38 1.2178757094949273
2.3899999999999997 1.2208299213923588
2.4 1.2237754316221157
2.4099999999999997 1.2267122912954254
2.42 1.2296405510745139
2.4299999999999997 1.2325602611778486
2.44 1.235471471385307
2.4499999999999997 1.2383742310432684
2.46 1.2412685890696329
2.4699999999999998 1.2441545939587677
2.48 1.247032293786383
2.4899999999999998 1.2499017362143356
2.5 1.252762968495368
2.51 1.2556160374777743
2.52 1.2584609896100056
2.53 1.2612978709452054
2.54 1.264126727145683
2.55 1.2669476034873244
2.56 1.269760544863939
2.57 1.2725655957915476
2.5799999999999996 1.2753628004126087
2.59 1.2781522025001875
2.5999999999999996 1.2809338454620642
2.61 1.2837077723447896
2.6199999999999997 1.2864740258376797
2.63 1.2892326482767593
2.6399999999999997 1.2919836816486492
2.65 1.2947271675944
2.6599999999999997 1.2974631474132747
2.67 1.3001916620664788
2.6799999999999997 1.3029127521808395
2.69 1.3056264580524357
2.6999999999999997 1.3083328196501787
2.71 1.3110318766193438
2.7199999999999998 1.313723668285055
2.73 1.3164082336557241
2.7399999999999998 1.3190856114264404
2.75 1.3217558399823195
2.76 1.324418957401803
2.77 1.3270750014599193
2.78 1.3297240096314962
2.79 1.332366019094335
2.8 1.33500106673234
2.81 1.3376291891386096
2.82 1.3402504226184837
2.8299999999999996 1.3428648031925545
2.84 1.3454723665996355
2.8499999999999996 1.3480731482996928
2.86 1.3506671834767394
2.8699999999999997 1.3532545070416904
2.88 1.355835153635182
2.8899999999999997 1.3584091576303547
2.9 1.3609765531356006
2.9099999999999997 1.3635373739972743
2.92 1.366091653802371
2.9299999999999997 1.3686394258811698
2.94 1.3711807233098425
2.9499999999999997 1.3737155789130304
2.96 1.3762440252663892
2.9699999999999998 1.378766094699099
2.98 1.3812818192963463
2.9899999999999998 1.3837912309017721
3.0 1.3862943611198906
3.01 1.3887912413184778
3.02 1.3912819026309295
3.03 1.3937663759585914
3.04 1.3962446919730587
3.05 1.3987168811184478
3.06 1.4011829736136414
3.07 1.4036429994545037
3.08 1.4060969884160703
3.09 1.4085449700547104
3.0999999999999996 1.410986973710262
3.11 1.413423028508143
3.1199999999999997 1.4158531633614349
3.13 1.4182774069729414
3.1399999999999997 1.4206957878372228
3.15 1.423108334242607
3.1599999999999997 1.425515074273172
3.17 1.4279160358107101
3.1799999999999997 1.430311246536665
3.19 1.4327007339340463
3.1999999999999997 1.4350845252893225
3.21 1.43746264769429
3.2199999999999998 1.4398351280479205
3.23 1.4422019930581866
3.2399999999999998 1.4445632692438664
3.25 1.4469189829363254
3.26 1.449269160281279
3.27 1.451613827240533
3.28 1.4539530095937052
3.29 1.4562867329399256
3.3 1.4586150226995167
3.31 1.4609379041156565
3.32 1.463255402256019
3.33 1.4655675420143985
3.34 1.4678743481123135
3.3499999999999996 1.4701758451005926
3.36 1.4724720573609429
3.3699999999999997 1.4747630091074986
3.38 1.4770487243883548
3.3899999999999997 1.47932922708708
3.4 1.4816045409242156
3.4099999999999997 1.4838746894587547
3.42 1.4861396960896067
3.4299999999999997 1.4883995840570443
3.44 1.4906543764441333
3.4499999999999997 1.4929040961781488
3.46 1.4951487660319727
3.4699999999999998 1.4973884086254774
3.48 1.4996230464268938
3.4899999999999998 1.501852701754163
3.5 1.5040773967762742
3.51 1.506297153514587
3.52 1.5085119938441398
3.53 1.5107219394949425
3.54 1.5129270120532565
3.55 1.5151272329628591
3.56 1.5173226235262949
3.57 1.5195132049061133
3.58 1.5216989981260935
3.59 1.5238800240724537
3.5999999999999996 1.5260563034950492
3.61 1.528227857008557
3.6199999999999997 1.5303947050936473
3.63 1.5325568680981427
3.6399999999999997 1.534714366238164
3.65 1.536867219599265
3.6599999999999997 1.5390154481375546
3.67 1.541159071680806
3.6799999999999997 1.5432981099295553
3.69 1.5454325824581878
3.6999999999999997 1.5475625087160128
3.71 1.5496879080283263
3.7199999999999998 1.5518087995974639
3.73 1.5539252025038417
3.7399999999999998 1.556037135706985
3.75 1.55814461804655
3.76 1.5602476682433286
3.77 1.5623463049002497
3.78 1.5644405465033644
3.79 1.5665304114228238
3.8 1.5686159179138452
3.81 1.57069708411767
3.82 1.572773928062509
3.83 1.5748464676644813
3.84 1.5769147207285403
3.8499999999999996 1.5789787049493917
3.86 1.5810384379124023
3.8699999999999997 1.5830939370944983
3.88 1.5851452198650557
3.8899999999999997 1.5871923034867805
3.9 1.589235205116581
3.9099999999999997 1.5912739418064292
3.92 1.5933085305042167
3.9299999999999997 1.5953389880545987
3.94 1.597365331199831
3.9499999999999997 1.5993875765805987
3.96 1.601405740736836
3.9699999999999998 1.6034198401085373
3.98 1.6054298910365616
3.9899999999999998 1.6074359097634274
4.0 1.6094379124341003
4.01 1.6114359150967734
4.02 1.6134299337036377
4.03 1.6154199841116479
4.04 1.6174060820832772
4.05 1.6193882432872684
4.06 1.6213664832993742
4.07 1.623340817603092
4.08 1.6253112615903906
4.09 1.6272778305624314
4.1 1.62924053973028
4.109999999999999 1.631199404215613
4.12 1.6331544390514163
4.13 1.6351056591826783
4.14 1.6370530794670737
4.1499999999999995 1.6389967146756448
4.16 1.6409365794934714
4.17 1.6428726885203377
4.18 1.6448050562713916
4.1899999999999995 1.6467336971777973
4.2 1.6486586255873816
4.21 1.6505798557652755
4.22 1.6524974018945473
4.2299999999999995 1.6544112780768314
4.24 1.6563214983329508
4.25 1.6582280766035324
4.26 1.6601310267496185
4.27 1.6620303625532709
4.28 1.6639260977181702
4.29 1.665818245870208
4.3 1.667706820558076
4.31 1.6695918352538475
4.32 1.6714733033535532
4.33 1.673351238177753
4.34 1.6752256529721035
4.35 1.6770965609079151
4.36 1.6789639750827108
4.37 1.6808279085207734
4.38 1.682688374173693
4.39 1.6845453849209058
4.3999999999999995 1.6863989535702286
4.41 1.6882490928583902
4.42 1.6900958154515549
4.43 1.691939133945844
4.4399999999999995 1.6937790608678511
4.45 1.6956156086751528
4.46 1.6974487897568136
4.47 1.6992786164338898
4.4799999999999995 1.701105100959924
4.49 1.7029282555214393
4.5 1.7047480922384253
4.51 1.706564623164823
4.52 1.7083778602890038
4.53 1.7101878155342434
4.54 1.7119945007591924
4.55 1.713797927758343
4.56 1.715598108262491
4.57 1.7173950539391927
4.58 1.7191887763932197
4.59 1.7209792871670078
4.6 1.7227665977411035
4.61 1.724550719534605
4.62 1.7263316639055997
4.63 1.728109442151599
4.64 1.7298840655099674
4.6499999999999995 1.7316555451583495
4.66 1.7334238922150915
4.67 1.7351891177396608
4.68 1.7369512327330598
4.6899999999999995 1.7387102481382395
4.7 1.7404661748405046
4.71 1.742219023667919
4.72 1.7439688053917064
4.7299999999999995 1.745715530726648
4.74 1.747459210331475
4.75 1.749199854809259
4.76 1.7509374747078
4.77 1.7526720805200082
4.78 1.7544036826842861
4.79 1.7561322915849038
4.8 1.7578579175523736
4.81 1.7595805708638197
4.82 1.7613002617433464
4.83 1.763017000362401
4.84 1.7647307968401356
4.85 1.766441661243765
4.86 1.7681496035889213
4.87 1.7698546338400052
4.88 1.7715567619105355
4.89 1.7732559976634952
4.8999999999999995 1.7749523509116736
4.91 1.776645831418007
4.92 1.7783364488959144
4.93 1.780024213009634
4.9399999999999995 1.7817091333745534
4.95 1.7833912195575383
4.96 1.7850704810772584
4.97 1.7867469274045107
4.9799999999999995 1.7884205679625402
4.99 1.7900914121273581
5.0 1.791759469228055
